<Ticker>,<DTYYYYMMDD>,<OpenFixed>,<HighFixed>,<LowFixed>,<CloseFixed>,<Volume>,<Open>,<High>,<Low>,<Close>,<VolumeDeal>,<VolumeFB>,<VolumeFS>
KSK,20170627,1.20,1.40,1.20,1.30,634509,1.20,1.40,1.20,1.30,0,0,0
KSK,20170626,1.30,1.40,1.20,1.30,262211,1.30,1.40,1.20,1.30,0,0,0
KSK,20170623,1.30,1.40,1.20,1.30,458300,1.30,1.40,1.20,1.30,0,0,0
KSK,20170622,1.30,1.40,1.30,1.30,430300,1.30,1.40,1.30,1.30,0,0,0
KSK,20170621,1.30,1.40,1.20,1.30,1106510,1.30,1.40,1.20,1.30,0,0,0
KSK,20170620,1.40,1.40,1.30,1.30,327700,1.40,1.40,1.30,1.30,0,0,0
KSK,20170619,1.30,1.40,1.20,1.40,590912,1.30,1.40,1.20,1.40,0,0,0
KSK,20170616,1.40,1.40,1.30,1.30,2292800,1.40,1.40,1.30,1.30,0,0,0
KSK,20170615,1.50,1.50,1.40,1.40,346800,1.50,1.50,1.40,1.40,0,3000,0
KSK,20170614,1.40,1.50,1.30,1.50,1091422,1.40,1.50,1.30,1.50,0,0,0
KSK,20170613,1.30,1.40,1.30,1.40,1219500,1.30,1.40,1.30,1.40,0,0,0
KSK,20170612,1.40,1.50,1.30,1.40,1013610,1.40,1.50,1.30,1.40,0,0,0
KSK,20170609,1.50,1.60,1.40,1.40,2208710,1.50,1.60,1.40,1.40,0,0,0
KSK,20170608,1.70,1.70,1.50,1.50,5886400,1.70,1.70,1.50,1.50,0,0,0
KSK,20170607,1.60,1.60,1.60,1.60,385000,1.60,1.60,1.60,1.60,0,0,0
KSK,20170606,1.50,1.50,1.50,1.50,759500,1.50,1.50,1.50,1.50,0,0,0
KSK,20170605,1.40,1.40,1.30,1.40,2288650,1.40,1.40,1.30,1.40,0,0,0
KSK,20170602,1.30,1.30,1.30,1.30,2158800,1.30,1.30,1.30,1.30,0,0,0
KSK,20170601,1.10,1.20,1.10,1.20,1879802,1.10,1.20,1.10,1.20,0,0,0
KSK,20170531,1.20,1.20,1.10,1.10,757800,1.20,1.20,1.10,1.10,0,0,0
KSK,20170530,1.40,1.40,1.20,1.20,1028900,1.40,1.40,1.20,1.20,0,10000,0
KSK,20170529,1.20,1.30,1.20,1.30,1415250,1.20,1.30,1.20,1.30,0,0,0
KSK,20170526,1.10,1.20,1.10,1.20,1727700,1.10,1.20,1.10,1.20,0,0,0
KSK,20170525,1.10,1.20,1.00,1.10,1612400,1.10,1.20,1.00,1.10,0,0,0
KSK,20170524,1.00,1.10,1.00,1.10,370300,1.00,1.10,1.00,1.10,0,0,0
KSK,20170523,1.10,1.10,1.00,1.00,294400,1.10,1.10,1.00,1.00,0,0,0
KSK,20170522,1.10,1.10,1.00,1.10,443400,1.10,1.10,1.00,1.10,0,0,0
KSK,20170519,1.00,1.10,1.00,1.10,428900,1.00,1.10,1.00,1.10,0,0,0
KSK,20170518,1.10,1.10,1.00,1.10,31600,1.10,1.10,1.00,1.10,0,0,0
KSK,20170517,1.20,1.20,1.10,1.10,883333,1.20,1.20,1.10,1.10,0,0,0
KSK,20170516,1.00,1.10,1.00,1.10,1541200,1.00,1.10,1.00,1.10,0,10000,500
KSK,20170515,1.00,1.00,0.90,1.00,454400,1.00,1.00,0.90,1.00,0,0,0
KSK,20170512,1.00,1.00,0.90,1.00,141600,1.00,1.00,0.90,1.00,0,0,0
KSK,20170511,1.00,1.10,1.00,1.00,112409,1.00,1.10,1.00,1.00,0,0,0
KSK,20170510,1.00,1.10,0.90,1.00,453000,1.00,1.10,0.90,1.00,0,0,0
KSK,20170509,1.00,1.00,1.00,1.00,264304,1.00,1.00,1.00,1.00,0,0,0
KSK,20170508,1.00,1.00,1.00,1.00,164300,1.00,1.00,1.00,1.00,0,0,0
KSK,20170505,1.00,1.10,0.90,1.00,163900,1.00,1.10,0.90,1.00,0,0,0
KSK,20170504,1.00,1.10,1.00,1.00,647809,1.00,1.10,1.00,1.00,0,0,0
KSK,20170503,1.00,1.00,1.00,1.00,71800,1.00,1.00,1.00,1.00,0,0,0
KSK,20170428,1.00,1.10,1.00,1.10,432400,1.00,1.10,1.00,1.10,0,500,0
KSK,20170427,1.10,1.10,1.00,1.10,94300,1.10,1.10,1.00,1.10,0,0,0
KSK,20170426,1.00,1.10,1.00,1.10,112500,1.00,1.10,1.00,1.10,0,0,0
KSK,20170425,1.00,1.10,1.00,1.10,245500,1.00,1.10,1.00,1.10,0,0,0
KSK,20170424,1.10,1.10,1.00,1.10,68600,1.10,1.10,1.00,1.10,0,0,0
KSK,20170421,1.10,1.10,1.00,1.10,680800,1.10,1.10,1.00,1.10,0,22000,0
KSK,20170420,1.10,1.10,1.00,1.00,25700,1.10,1.10,1.00,1.00,0,0,0
KSK,20170419,1.20,1.20,1.00,1.10,197100,1.20,1.20,1.00,1.10,0,0,0
KSK,20170418,1.20,1.20,1.00,1.10,214200,1.20,1.20,1.00,1.10,0,0,0
KSK,20170417,1.00,1.10,1.00,1.10,318500,1.00,1.10,1.00,1.10,0,0,0
KSK,20170414,1.10,1.10,1.00,1.00,40100,1.10,1.10,1.00,1.00,0,0,0
KSK,20170413,1.10,1.10,1.00,1.10,167600,1.10,1.10,1.00,1.10,0,0,0
KSK,20170412,1.10,1.10,1.00,1.10,543800,1.10,1.10,1.00,1.10,0,0,0
KSK,20170411,1.10,1.20,1.00,1.10,272900,1.10,1.20,1.00,1.10,0,0,0
KSK,20170410,1.10,1.20,1.10,1.10,317100,1.10,1.20,1.10,1.10,0,0,0
KSK,20170407,1.10,1.20,1.10,1.10,550100,1.10,1.20,1.10,1.10,0,0,0
KSK,20170405,1.20,1.20,1.10,1.10,93200,1.20,1.20,1.10,1.10,0,0,0
KSK,20170404,1.10,1.20,1.10,1.20,163706,1.10,1.20,1.10,1.20,0,0,0
KSK,20170403,1.10,1.20,1.00,1.10,1115730,1.10,1.20,1.00,1.10,0,0,0
KSK,20170331,1.10,1.20,1.10,1.10,551700,1.10,1.20,1.10,1.10,0,0,0
KSK,20170330,1.10,1.20,1.10,1.10,368400,1.10,1.20,1.10,1.10,0,0,0
KSK,20170329,1.20,1.20,1.10,1.10,247600,1.20,1.20,1.10,1.10,0,0,0
KSK,20170328,1.10,1.20,1.10,1.20,145500,1.10,1.20,1.10,1.20,0,0,0
KSK,20170327,1.20,1.20,1.10,1.10,14300,1.20,1.20,1.10,1.10,0,0,0
KSK,20170324,1.20,1.20,1.10,1.10,249500,1.20,1.20,1.10,1.10,0,0,0
KSK,20170323,1.20,1.20,1.10,1.10,54500,1.20,1.20,1.10,1.10,0,0,0
KSK,20170322,1.20,1.30,1.10,1.20,264410,1.20,1.30,1.10,1.20,69000,0,0
KSK,20170321,1.20,1.30,1.20,1.20,146909,1.20,1.30,1.20,1.20,0,0,0
KSK,20170320,1.30,1.30,1.20,1.20,274900,1.30,1.30,1.20,1.20,0,0,0
KSK,20170317,1.10,1.30,1.10,1.30,245200,1.10,1.30,1.10,1.30,0,0,0
KSK,20170316,1.20,1.20,1.10,1.20,74100,1.20,1.20,1.10,1.20,0,0,0
KSK,20170315,1.20,1.20,1.10,1.20,326600,1.20,1.20,1.10,1.20,0,0,0
KSK,20170314,1.20,1.30,1.10,1.20,706810,1.20,1.30,1.10,1.20,0,0,0
KSK,20170313,1.30,1.30,1.20,1.20,157800,1.30,1.30,1.20,1.20,0,0,0
KSK,20170310,1.30,1.30,1.20,1.20,379822,1.30,1.30,1.20,1.20,0,0,0
KSK,20170309,1.20,1.30,1.20,1.30,216400,1.20,1.30,1.20,1.30,0,0,0
KSK,20170308,1.20,1.30,1.20,1.20,191000,1.20,1.30,1.20,1.20,0,0,0
KSK,20170307,1.20,1.30,1.20,1.20,394319,1.20,1.30,1.20,1.20,0,0,0
KSK,20170306,1.30,1.30,1.20,1.30,73400,1.30,1.30,1.20,1.30,0,0,0
KSK,20170303,1.30,1.30,1.20,1.30,221922,1.30,1.30,1.20,1.30,0,0,0
KSK,20170302,1.30,1.30,1.10,1.30,1680500,1.30,1.30,1.10,1.30,0,0,0
KSK,20170301,1.20,1.30,1.20,1.20,253200,1.20,1.30,1.20,1.20,0,0,0
KSK,20170228,1.30,1.30,1.20,1.20,1210800,1.30,1.30,1.20,1.20,700000,0,0
KSK,20170227,1.20,1.30,1.10,1.30,475000,1.20,1.30,1.10,1.30,0,0,0
KSK,20170224,1.20,1.30,1.20,1.20,354500,1.20,1.30,1.20,1.20,0,0,0
KSK,20170223,1.30,1.30,1.20,1.20,437900,1.30,1.30,1.20,1.20,0,0,0
KSK,20170222,1.50,1.50,1.30,1.30,509110,1.50,1.50,1.30,1.30,0,0,0
KSK,20170221,1.40,1.40,1.40,1.40,694031,1.40,1.40,1.40,1.40,0,0,0
KSK,20170220,1.20,1.30,1.20,1.30,1088700,1.20,1.30,1.20,1.30,0,0,0
KSK,20170217,1.20,1.30,1.20,1.20,433700,1.20,1.30,1.20,1.20,0,0,0
KSK,20170216,1.20,1.30,1.20,1.30,193000,1.20,1.30,1.20,1.30,0,0,0
KSK,20170215,1.30,1.30,1.10,1.20,170610,1.30,1.30,1.10,1.20,0,0,0
KSK,20170214,1.20,1.20,1.20,1.20,105700,1.20,1.20,1.20,1.20,0,0,0
KSK,20170213,1.20,1.30,1.20,1.20,328700,1.20,1.30,1.20,1.20,0,0,0
KSK,20170210,1.20,1.30,1.10,1.30,374700,1.20,1.30,1.10,1.30,0,0,0
KSK,20170209,1.10,1.20,1.10,1.20,49310,1.10,1.20,1.10,1.20,0,0,0
KSK,20170208,1.20,1.20,1.10,1.10,161610,1.20,1.20,1.10,1.10,0,0,0
KSK,20170207,1.20,1.30,1.10,1.20,389600,1.20,1.30,1.10,1.20,0,0,0
KSK,20170206,1.20,1.20,1.20,1.20,331801,1.20,1.20,1.20,1.20,0,0,0
KSK,20170203,1.10,1.10,1.00,1.10,272010,1.10,1.10,1.00,1.10,0,0,0
KSK,20170202,1.00,1.10,1.00,1.00,56500,1.00,1.10,1.00,1.00,0,0,0
KSK,20170125,1.10,1.10,1.10,1.10,8410,1.10,1.10,1.10,1.10,0,0,0
KSK,20170124,1.10,1.10,1.10,1.10,2200,1.10,1.10,1.10,1.10,0,0,0
KSK,20170123,1.00,1.00,1.00,1.00,171300,1.00,1.00,1.00,1.00,0,0,0
KSK,20170120,1.10,1.10,1.00,1.00,63500,1.10,1.10,1.00,1.00,0,0,0
KSK,20170119,1.10,1.10,1.10,1.10,68800,1.10,1.10,1.10,1.10,0,0,0
KSK,20170118,1.10,1.10,1.00,1.00,3200,1.10,1.10,1.00,1.00,0,0,0
KSK,20170117,1.10,1.20,1.10,1.10,223500,1.10,1.20,1.10,1.10,0,0,0
KSK,20170116,1.20,1.20,1.10,1.10,46100,1.20,1.20,1.10,1.10,0,0,0
KSK,20170113,1.10,1.20,1.00,1.20,56200,1.10,1.20,1.00,1.20,0,0,0
KSK,20170112,1.10,1.10,1.10,1.10,36820,1.10,1.10,1.10,1.10,0,0,0
KSK,20170111,1.10,1.20,1.10,1.20,32600,1.10,1.20,1.10,1.20,0,0,0
KSK,20170110,1.10,1.20,1.10,1.20,25000,1.10,1.20,1.10,1.20,0,0,0
KSK,20170109,1.10,1.10,1.10,1.10,34500,1.10,1.10,1.10,1.10,0,0,0
KSK,20170106,1.10,1.20,1.10,1.10,128000,1.10,1.20,1.10,1.10,0,0,0
KSK,20170105,1.10,1.10,1.10,1.10,59100,1.10,1.10,1.10,1.10,0,0,0
KSK,20170104,1.20,1.20,1.10,1.20,210500,1.20,1.20,1.10,1.20,0,0,0
KSK,20170103,1.10,1.20,1.10,1.20,25900,1.10,1.20,1.10,1.20,0,0,0
KSK,20161230,1.10,1.10,1.10,1.10,258800,1.10,1.10,1.10,1.10,0,0,100
KSK,20161229,1.20,1.20,1.10,1.20,378400,1.20,1.20,1.10,1.20,0,0,280000
KSK,20161228,1.20,1.20,1.10,1.20,7900,1.20,1.20,1.10,1.20,0,0,0
KSK,20161227,1.10,1.20,1.10,1.10,211900,1.10,1.20,1.10,1.10,0,100,31000
KSK,20161226,1.10,1.20,1.10,1.10,118700,1.10,1.20,1.10,1.10,0,0,0
KSK,20161223,1.20,1.20,1.10,1.20,32800,1.20,1.20,1.10,1.20,0,0,0
KSK,20161222,1.30,1.30,1.20,1.20,67600,1.30,1.30,1.20,1.20,0,0,0
KSK,20161221,1.20,1.30,1.10,1.30,171700,1.20,1.30,1.10,1.30,0,0,0
KSK,20161220,1.10,1.20,1.10,1.20,6100,1.10,1.20,1.10,1.20,0,0,0
KSK,20161219,1.10,1.20,1.10,1.20,134800,1.10,1.20,1.10,1.20,0,0,0
KSK,20161216,1.10,1.20,1.10,1.20,17300,1.10,1.20,1.10,1.20,0,0,0
KSK,20161215,1.20,1.20,1.20,1.20,68200,1.20,1.20,1.20,1.20,0,0,0
KSK,20161214,1.20,1.20,1.10,1.20,192800,1.20,1.20,1.10,1.20,0,11200,0
KSK,20161213,1.10,1.20,1.10,1.10,244400,1.10,1.20,1.10,1.10,0,0,0
KSK,20161212,1.20,1.20,1.10,1.10,252700,1.20,1.20,1.10,1.10,0,0,0
KSK,20161209,1.20,1.30,1.20,1.20,315024,1.20,1.30,1.20,1.20,0,55000,0
KSK,20161208,1.20,1.30,1.20,1.20,184000,1.20,1.30,1.20,1.20,0,19800,0
KSK,20161207,1.20,1.30,1.10,1.20,252610,1.20,1.30,1.10,1.20,0,0,0
KSK,20161206,1.30,1.30,1.20,1.20,332600,1.30,1.30,1.20,1.20,0,0,0
KSK,20161205,1.50,1.50,1.30,1.30,486900,1.50,1.50,1.30,1.30,0,75000,0
KSK,20161202,1.40,1.40,1.30,1.40,1280600,1.40,1.40,1.30,1.40,0,150000,0
KSK,20161201,1.30,1.30,1.30,1.30,752450,1.30,1.30,1.30,1.30,0,0,0
KSK,20161130,1.10,1.20,1.10,1.20,427800,1.10,1.20,1.10,1.20,0,0,0
KSK,20161129,1.10,1.20,1.10,1.10,178000,1.10,1.20,1.10,1.10,0,0,0
KSK,20161128,1.10,1.20,1.10,1.10,164200,1.10,1.20,1.10,1.10,0,0,0
KSK,20161125,1.10,1.20,1.00,1.20,387100,1.10,1.20,1.00,1.20,0,0,0
KSK,20161124,1.10,1.20,1.10,1.10,611600,1.10,1.20,1.10,1.10,0,0,0
KSK,20161123,1.30,1.30,1.20,1.20,591210,1.30,1.30,1.20,1.20,0,0,0
KSK,20161122,1.30,1.40,1.30,1.30,279210,1.30,1.40,1.30,1.30,0,0,0
KSK,20161121,1.30,1.40,1.20,1.40,231014,1.30,1.40,1.20,1.40,0,0,0
KSK,20161118,1.30,1.40,1.30,1.30,382700,1.30,1.40,1.30,1.30,0,0,0
KSK,20161117,1.50,1.50,1.30,1.30,1495520,1.50,1.50,1.30,1.30,0,0,300
KSK,20161116,1.40,1.40,1.30,1.40,1106815,1.40,1.40,1.30,1.40,0,0,300
KSK,20161115,1.30,1.30,1.30,1.30,51200,1.30,1.30,1.30,1.30,0,0,500
KSK,20161114,1.20,1.20,1.20,1.20,434000,1.20,1.20,1.20,1.20,0,0,500
KSK,20161111,1.10,1.10,1.10,1.10,652600,1.10,1.10,1.10,1.10,0,0,500
KSK,20161110,1.00,1.00,1.00,1.00,146200,1.00,1.00,1.00,1.00,0,0,0
KSK,20161109,1.00,1.00,0.90,0.90,205500,1.00,1.00,0.90,0.90,0,0,0
KSK,20161108,1.10,1.10,1.00,1.00,207800,1.10,1.10,1.00,1.00,0,0,0
KSK,20161107,1.00,1.00,1.00,1.00,181700,1.00,1.00,1.00,1.00,57500,0,0
KSK,20161104,0.90,0.90,0.80,0.90,180000,0.90,0.90,0.80,0.90,0,0,500
KSK,20161103,0.90,0.90,0.80,0.80,120900,0.90,0.90,0.80,0.80,0,0,0
KSK,20161102,0.90,0.90,0.90,0.90,147600,0.90,0.90,0.90,0.90,0,0,0
KSK,20161101,0.90,1.00,0.90,1.00,85700,0.90,1.00,0.90,1.00,0,0,0
KSK,20161031,0.90,1.00,0.90,0.90,47500,0.90,1.00,0.90,0.90,0,0,0
KSK,20161028,0.90,1.00,0.90,1.00,6700,0.90,1.00,0.90,1.00,0,0,0
KSK,20161027,1.00,1.00,0.90,1.00,3100,1.00,1.00,0.90,1.00,0,0,0
KSK,20161026,1.00,1.00,1.00,1.00,61800,1.00,1.00,1.00,1.00,0,0,0
KSK,20161025,1.00,1.00,1.00,1.00,263700,1.00,1.00,1.00,1.00,0,0,0
KSK,20161024,1.00,1.00,1.00,1.00,101700,1.00,1.00,1.00,1.00,0,0,0
KSK,20161021,1.00,1.10,0.90,0.90,103800,1.00,1.10,0.90,0.90,0,0,0
KSK,20161020,1.00,1.10,1.00,1.00,138700,1.00,1.10,1.00,1.00,0,0,0
KSK,20161019,1.00,1.10,1.00,1.00,92500,1.00,1.10,1.00,1.00,0,0,0
KSK,20161018,1.10,1.10,1.00,1.00,304700,1.10,1.10,1.00,1.00,0,500,0
KSK,20161017,1.10,1.10,1.00,1.00,497900,1.10,1.10,1.00,1.00,0,0,0
KSK,20161014,1.10,1.20,1.10,1.10,283300,1.10,1.20,1.10,1.10,0,0,500
KSK,20161013,1.00,1.10,1.00,1.10,83800,1.00,1.10,1.00,1.10,0,500,0
KSK,20161012,1.10,1.10,1.00,1.10,106500,1.10,1.10,1.00,1.10,0,0,0
KSK,20161011,1.10,1.10,1.00,1.10,17000,1.10,1.10,1.00,1.10,0,0,0
KSK,20161010,1.00,1.10,1.00,1.10,8700,1.00,1.10,1.00,1.10,0,0,0
KSK,20161007,1.00,1.10,1.00,1.10,143200,1.00,1.10,1.00,1.10,0,0,0
KSK,20161006,1.10,1.10,1.00,1.00,223200,1.10,1.10,1.00,1.00,0,500,0
KSK,20161005,1.10,1.10,1.10,1.10,8500,1.10,1.10,1.10,1.10,0,0,0
KSK,20161004,1.10,1.10,1.00,1.10,56300,1.10,1.10,1.00,1.10,0,0,0
KSK,20161003,1.10,1.10,1.10,1.10,30700,1.10,1.10,1.10,1.10,0,0,0
KSK,20160930,1.10,1.20,1.10,1.10,73500,1.10,1.20,1.10,1.10,0,0,0
KSK,20160929,1.10,1.10,1.10,1.10,131600,1.10,1.10,1.10,1.10,0,0,0
KSK,20160928,1.10,1.20,1.10,1.10,181400,1.10,1.20,1.10,1.10,0,0,0
KSK,20160927,1.20,1.20,1.10,1.20,348760,1.20,1.20,1.10,1.20,0,0,0
KSK,20160926,1.20,1.20,1.20,1.20,70500,1.20,1.20,1.20,1.20,0,0,0
KSK,20160923,1.20,1.30,1.10,1.30,131300,1.20,1.30,1.10,1.30,0,0,0
KSK,20160922,1.10,1.20,1.10,1.20,513800,1.10,1.20,1.10,1.20,0,0,0
KSK,20160921,1.10,1.20,1.00,1.20,156200,1.10,1.20,1.00,1.20,0,0,0
KSK,20160920,1.10,1.20,1.10,1.10,39700,1.10,1.20,1.10,1.10,0,0,0
KSK,20160919,1.20,1.30,1.10,1.20,76900,1.20,1.30,1.10,1.20,0,0,0
KSK,20160916,1.10,1.20,1.10,1.20,90500,1.10,1.20,1.10,1.20,0,0,0
KSK,20160915,1.20,1.20,1.20,1.20,22300,1.20,1.20,1.20,1.20,0,0,0
KSK,20160914,1.20,1.20,1.20,1.20,25800,1.20,1.20,1.20,1.20,0,0,0
KSK,20160913,1.20,1.20,1.20,1.20,43400,1.20,1.20,1.20,1.20,0,0,0
KSK,20160912,1.20,1.30,1.20,1.20,97000,1.20,1.30,1.20,1.20,0,0,0
KSK,20160909,1.20,1.30,1.20,1.20,192500,1.20,1.30,1.20,1.20,0,700,0
KSK,20160908,1.20,1.30,1.20,1.30,90700,1.20,1.30,1.20,1.30,0,0,0
KSK,20160907,1.30,1.30,1.20,1.20,69200,1.30,1.30,1.20,1.20,0,0,500
KSK,20160906,1.20,1.30,1.20,1.30,260000,1.20,1.30,1.20,1.30,0,500,0
KSK,20160905,1.30,1.30,1.20,1.30,107500,1.30,1.30,1.20,1.30,0,0,700
KSK,20160901,1.20,1.30,1.20,1.30,286810,1.20,1.30,1.20,1.30,0,600,0
KSK,20160831,1.20,1.30,1.20,1.20,654500,1.20,1.30,1.20,1.20,0,0,0
KSK,20160830,1.30,1.30,1.30,1.30,144000,1.30,1.30,1.30,1.30,0,0,0
KSK,20160829,1.40,1.50,1.40,1.40,175700,1.40,1.50,1.40,1.40,0,0,0
KSK,20160826,1.50,1.50,1.40,1.50,4400,1.50,1.50,1.40,1.50,0,0,0
KSK,20160825,1.40,1.50,1.40,1.50,108100,1.40,1.50,1.40,1.50,0,700,0
KSK,20160824,1.50,1.50,1.40,1.40,133500,1.50,1.50,1.40,1.40,0,0,0
KSK,20160823,1.50,1.50,1.40,1.50,102100,1.50,1.50,1.40,1.50,0,0,0
KSK,20160822,1.50,1.60,1.50,1.50,291300,1.50,1.60,1.50,1.50,0,0,0
KSK,20160819,1.60,1.60,1.50,1.50,154500,1.60,1.60,1.50,1.50,0,0,0
KSK,20160818,1.50,1.60,1.50,1.60,335500,1.50,1.60,1.50,1.60,0,0,0
KSK,20160817,1.50,1.60,1.50,1.60,87300,1.50,1.60,1.50,1.60,0,0,0
KSK,20160816,1.60,1.70,1.50,1.50,163500,1.60,1.70,1.50,1.50,0,0,0
KSK,20160815,1.60,1.70,1.60,1.60,353300,1.60,1.70,1.60,1.60,0,500,0
KSK,20160812,1.70,1.70,1.60,1.60,101900,1.70,1.70,1.60,1.60,0,0,0
KSK,20160811,1.80,1.80,1.60,1.70,165400,1.80,1.80,1.60,1.70,0,0,0
KSK,20160810,1.60,1.70,1.60,1.70,175800,1.60,1.70,1.60,1.70,0,0,0
KSK,20160809,1.60,1.70,1.60,1.70,206500,1.60,1.70,1.60,1.70,0,0,0
KSK,20160808,1.70,1.70,1.60,1.60,127900,1.70,1.70,1.60,1.60,10,0,0
KSK,20160805,1.60,1.70,1.60,1.70,69800,1.60,1.70,1.60,1.70,0,0,0
KSK,20160804,1.70,1.70,1.60,1.60,91000,1.70,1.70,1.60,1.60,0,0,0
KSK,20160803,1.60,1.70,1.60,1.70,196400,1.60,1.70,1.60,1.70,0,0,0
KSK,20160802,1.80,1.80,1.70,1.70,197400,1.80,1.80,1.70,1.70,0,0,0
KSK,20160801,1.80,1.80,1.70,1.80,204700,1.80,1.80,1.70,1.80,0,0,0
KSK,20160729,1.70,1.80,1.70,1.80,593200,1.70,1.80,1.70,1.80,0,0,0
KSK,20160728,1.90,1.90,1.80,1.80,294200,1.90,1.90,1.80,1.80,0,0,0
KSK,20160727,1.90,1.90,1.80,1.90,354200,1.90,1.90,1.80,1.90,0,0,500
KSK,20160726,1.80,1.90,1.80,1.80,76600,1.80,1.90,1.80,1.80,0,0,0
KSK,20160725,1.80,1.90,1.70,1.80,402800,1.80,1.90,1.70,1.80,0,0,0
KSK,20160722,1.80,1.80,1.70,1.80,649700,1.80,1.80,1.70,1.80,0,0,500
KSK,20160721,1.70,1.70,1.70,1.70,148630,1.70,1.70,1.70,1.70,0,0,0
KSK,20160720,1.60,1.70,1.60,1.60,59200,1.60,1.70,1.60,1.60,0,0,0
KSK,20160719,1.70,1.70,1.60,1.60,148700,1.70,1.70,1.60,1.60,50000,0,0
KSK,20160718,1.70,1.70,1.60,1.70,121400,1.70,1.70,1.60,1.70,0,500,0
KSK,20160715,1.70,1.70,1.70,1.70,737900,1.70,1.70,1.70,1.70,0,500,0
KSK,20160714,1.90,1.90,1.80,1.80,149300,1.90,1.90,1.80,1.80,0,0,0
KSK,20160713,1.80,1.90,1.70,1.90,370910,1.80,1.90,1.70,1.90,0,0,0
KSK,20160712,1.80,1.90,1.70,1.80,246540,1.80,1.90,1.70,1.80,0,0,0
KSK,20160711,1.90,1.90,1.80,1.80,288720,1.90,1.90,1.80,1.80,0,0,0
KSK,20160708,1.80,1.90,1.80,1.80,503600,1.80,1.90,1.80,1.80,0,0,0
KSK,20160707,1.80,1.90,1.80,1.80,712420,1.80,1.90,1.80,1.80,0,0,0
KSK,20160706,2.00,2.00,1.80,1.80,578200,2.00,2.00,1.80,1.80,0,500,0
KSK,20160705,2.00,2.00,1.90,2.00,699700,2.00,2.00,1.90,2.00,0,0,0
KSK,20160704,1.80,1.90,1.80,1.90,614100,1.80,1.90,1.80,1.90,0,0,0
KSK,20160701,2.00,2.00,1.80,1.80,1414700,2.00,2.00,1.80,1.80,0,0,133300
KSK,20160630,2.30,2.30,2.00,2.00,562110,2.30,2.30,2.00,2.00,0,0,0
KSK,20160629,2.30,2.40,2.20,2.20,217600,2.30,2.40,2.20,2.20,0,0,0
KSK,20160628,2.40,2.40,2.20,2.40,436100,2.40,2.40,2.20,2.40,0,0,0
KSK,20160627,2.20,2.40,2.20,2.40,296100,2.20,2.40,2.20,2.40,0,0,0
KSK,20160624,2.40,2.40,2.20,2.30,386400,2.40,2.40,2.20,2.30,0,2500,0
KSK,20160623,2.50,2.60,2.40,2.40,445500,2.50,2.60,2.40,2.40,0,0,0
KSK,20160622,2.60,2.70,2.50,2.50,335900,2.60,2.70,2.50,2.50,0,0,0
KSK,20160621,2.70,2.80,2.60,2.60,182200,2.70,2.80,2.60,2.60,0,0,0
KSK,20160620,2.70,2.80,2.60,2.80,485910,2.70,2.80,2.60,2.80,500000,0,0
KSK,20160617,2.80,2.80,2.70,2.70,178300,2.80,2.80,2.70,2.70,0,0,0
KSK,20160616,2.90,2.90,2.80,2.80,474200,2.90,2.90,2.80,2.80,400000,0,0
KSK,20160615,2.90,3.00,2.80,3.00,941600,2.90,3.00,2.80,3.00,0,0,0
KSK,20160614,2.90,3.00,2.90,3.00,390200,2.90,3.00,2.90,3.00,0,0,0
KSK,20160613,2.80,3.00,2.80,3.00,496000,2.80,3.00,2.80,3.00,0,0,0
KSK,20160610,2.50,2.80,2.50,2.80,1141520,2.50,2.80,2.50,2.80,0,0,0
KSK,20160609,2.60,2.60,2.50,2.60,44300,2.60,2.60,2.50,2.60,0,0,0
KSK,20160608,2.60,2.70,2.60,2.70,338700,2.60,2.70,2.60,2.70,0,0,0
KSK,20160607,2.70,2.70,2.60,2.70,185700,2.70,2.70,2.60,2.70,0,0,0
KSK,20160606,2.70,2.80,2.60,2.70,310410,2.70,2.80,2.60,2.70,0,0,0
KSK,20160603,2.60,2.80,2.60,2.70,644120,2.60,2.80,2.60,2.70,0,0,0
KSK,20160602,2.60,2.60,2.50,2.60,45300,2.60,2.60,2.50,2.60,0,0,0
KSK,20160601,2.60,2.60,2.50,2.60,280600,2.60,2.60,2.50,2.60,0,0,0
KSK,20160531,2.40,2.60,2.40,2.60,539200,2.40,2.60,2.40,2.60,2000000,0,0
KSK,20160530,2.40,2.50,2.30,2.40,82900,2.40,2.50,2.30,2.40,0,0,0
KSK,20160527,2.30,2.50,2.30,2.40,295600,2.30,2.50,2.30,2.40,0,0,0
KSK,20160526,2.40,2.40,2.20,2.30,274300,2.40,2.40,2.20,2.30,1000000,0,0
KSK,20160525,2.30,2.40,2.30,2.40,199600,2.30,2.40,2.30,2.40,0,0,0
KSK,20160524,2.40,2.40,2.30,2.30,161300,2.40,2.40,2.30,2.30,20,0,0
KSK,20160523,2.40,2.50,2.30,2.40,249410,2.40,2.50,2.30,2.40,0,0,0
KSK,20160520,2.40,2.50,2.30,2.40,106220,2.40,2.50,2.30,2.40,1000000,0,0
KSK,20160519,2.40,2.50,2.40,2.40,118500,2.40,2.50,2.40,2.40,0,0,0
KSK,20160518,2.50,2.60,2.40,2.40,349900,2.50,2.60,2.40,2.40,0,0,0
KSK,20160517,2.60,2.60,2.50,2.60,227010,2.60,2.60,2.50,2.60,0,0,0
KSK,20160516,2.50,2.60,2.50,2.50,171610,2.50,2.60,2.50,2.50,0,0,0
KSK,20160513,2.60,2.60,2.40,2.50,403400,2.60,2.60,2.40,2.50,0,0,0
KSK,20160512,2.50,2.70,2.50,2.60,132800,2.50,2.70,2.50,2.60,0,0,0
KSK,20160511,2.70,2.70,2.50,2.70,74900,2.70,2.70,2.50,2.70,0,0,0
KSK,20160510,2.60,2.60,2.60,2.60,209600,2.60,2.60,2.60,2.60,0,0,0
KSK,20160509,2.70,2.70,2.60,2.60,188400,2.70,2.70,2.60,2.60,0,0,0
KSK,20160506,2.80,2.80,2.60,2.70,206800,2.80,2.80,2.60,2.70,0,0,0
KSK,20160505,2.70,2.90,2.70,2.80,189000,2.70,2.90,2.70,2.80,0,0,0
KSK,20160504,2.80,2.80,2.60,2.70,108900,2.80,2.80,2.60,2.70,0,0,0
KSK,20160429,2.60,2.80,2.60,2.70,267600,2.60,2.80,2.60,2.70,0,0,0
KSK,20160428,2.70,2.70,2.60,2.60,142050,2.70,2.70,2.60,2.60,0,0,0
KSK,20160427,2.80,2.80,2.60,2.70,223200,2.80,2.80,2.60,2.70,0,10000,0
KSK,20160426,2.80,2.80,2.70,2.70,197500,2.80,2.80,2.70,2.70,0,17400,0
KSK,20160425,2.70,2.90,2.70,2.70,194200,2.70,2.90,2.70,2.70,0,0,0
KSK,20160422,2.90,2.90,2.70,2.70,476600,2.90,2.90,2.70,2.70,0,3000,0
KSK,20160421,3.00,3.00,2.90,3.00,213520,3.00,3.00,2.90,3.00,0,35000,0
KSK,20160420,2.80,3.00,2.80,3.00,348300,2.80,3.00,2.80,3.00,0,68400,0
KSK,20160419,3.00,3.00,2.80,2.80,406600,3.00,3.00,2.80,2.80,0,0,0
KSK,20160415,3.00,3.10,3.00,3.00,313300,3.00,3.10,3.00,3.00,0,0,0
KSK,20160414,3.00,3.10,2.90,3.00,353700,3.00,3.10,2.90,3.00,0,0,0
KSK,20160413,3.10,3.20,3.00,3.10,409541,3.10,3.20,3.00,3.10,0,0,0
KSK,20160412,3.10,3.10,3.00,3.00,1059400,3.10,3.10,3.00,3.00,0,0,0
KSK,20160411,2.80,2.90,2.70,2.90,100700,2.80,2.90,2.70,2.90,0,0,0
KSK,20160408,2.90,2.90,2.70,2.70,421700,2.90,2.90,2.70,2.70,0,0,0
KSK,20160407,3.10,3.10,2.80,2.90,288300,3.10,3.10,2.80,2.90,0,2000,0
KSK,20160406,2.90,3.10,2.80,3.00,618200,2.90,3.10,2.80,3.00,0,0,0
KSK,20160405,2.60,2.90,2.50,2.90,447700,2.60,2.90,2.50,2.90,0,0,0
KSK,20160404,2.90,3.00,2.70,2.70,819800,2.90,3.00,2.70,2.70,0,0,0
KSK,20160401,3.30,3.30,3.00,3.00,656500,3.30,3.30,3.00,3.00,0,0,0
KSK,20160331,3.50,3.60,3.30,3.30,505500,3.50,3.60,3.30,3.30,0,0,0
KSK,20160330,3.30,3.60,3.20,3.60,1451910,3.30,3.60,3.20,3.60,0,0,13000
KSK,20160329,3.20,3.30,3.10,3.30,533200,3.20,3.30,3.10,3.30,0,0,0
KSK,20160328,2.90,3.10,2.90,3.10,391800,2.90,3.10,2.90,3.10,0,0,0
KSK,20160325,3.10,3.20,2.90,2.90,490500,3.10,3.20,2.90,2.90,0,0,0
KSK,20160324,3.20,3.30,3.10,3.10,602000,3.20,3.30,3.10,3.10,0,0,0
KSK,20160323,3.10,3.10,3.10,3.10,708800,3.10,3.10,3.10,3.10,0,13000,0
KSK,20160322,2.70,2.90,2.70,2.90,435080,2.70,2.90,2.70,2.90,0,0,0
KSK,20160321,2.80,2.90,2.70,2.70,329300,2.80,2.90,2.70,2.70,0,0,0
KSK,20160318,2.90,2.90,2.80,2.80,279350,2.90,2.90,2.80,2.80,0,0,0
KSK,20160317,2.80,2.90,2.70,2.90,334200,2.80,2.90,2.70,2.90,0,0,55800
KSK,20160316,2.60,2.80,2.60,2.70,347000,2.60,2.80,2.60,2.70,0,0,177700
KSK,20160315,2.70,2.80,2.50,2.60,425800,2.70,2.80,2.50,2.60,0,0,0
KSK,20160314,2.60,2.70,2.50,2.70,298400,2.60,2.70,2.50,2.70,0,0,0
KSK,20160311,2.70,2.80,2.50,2.50,162800,2.70,2.80,2.50,2.50,0,0,0
KSK,20160310,2.80,2.80,2.70,2.70,173300,2.80,2.80,2.70,2.70,0,0,0
KSK,20160309,2.90,2.90,2.60,2.80,215300,2.90,2.90,2.60,2.80,0,0,0
KSK,20160308,2.90,2.90,2.80,2.80,319700,2.90,2.90,2.80,2.80,0,0,24000
KSK,20160307,2.70,3.00,2.70,2.90,397900,2.70,3.00,2.70,2.90,0,0,17000
KSK,20160304,2.70,2.90,2.60,2.80,370700,2.70,2.90,2.60,2.80,0,0,0
KSK,20160303,3.10,3.10,2.70,2.70,525100,3.10,3.10,2.70,2.70,173000,223000,0
KSK,20160302,3.00,3.00,2.80,3.00,1846000,3.00,3.00,2.80,3.00,0,51500,0
KSK,20160301,2.80,2.80,2.80,2.80,50230,2.80,2.80,2.80,2.80,0,0,0
KSK,20160229,2.60,2.60,2.40,2.60,366150,2.60,2.60,2.40,2.60,0,0,0
KSK,20160226,2.40,2.40,2.30,2.40,1145150,2.40,2.40,2.30,2.40,0,0,0
KSK,20160225,2.20,2.20,2.20,2.20,178900,2.20,2.20,2.20,2.20,0,0,0
KSK,20160224,2.00,2.00,2.00,2.00,131200,2.00,2.00,2.00,2.00,0,0,0
KSK,20160223,1.90,1.90,1.90,1.90,60266,1.90,1.90,1.90,1.90,0,0,0
KSK,20160222,1.70,1.80,1.70,1.80,119500,1.70,1.80,1.70,1.80,0,0,0
KSK,20160219,1.70,1.80,1.70,1.70,104600,1.70,1.80,1.70,1.70,0,0,0
KSK,20160218,1.60,1.80,1.60,1.80,100700,1.60,1.80,1.60,1.80,0,0,0
KSK,20160217,1.70,1.80,1.60,1.70,38400,1.70,1.80,1.60,1.70,0,0,0
KSK,20160216,1.70,1.70,1.60,1.70,14900,1.70,1.70,1.60,1.70,0,0,0
KSK,20160215,1.70,1.70,1.70,1.70,116400,1.70,1.70,1.70,1.70,0,0,0
KSK,20160205,1.60,1.70,1.60,1.70,35500,1.60,1.70,1.60,1.70,0,0,0
KSK,20160204,1.70,1.70,1.50,1.60,33600,1.70,1.70,1.50,1.60,0,0,0
KSK,20160203,1.60,1.70,1.60,1.60,85500,1.60,1.70,1.60,1.60,0,0,0
KSK,20160202,1.70,1.70,1.60,1.70,42900,1.70,1.70,1.60,1.70,0,0,0
KSK,20160201,1.60,1.70,1.60,1.60,135000,1.60,1.70,1.60,1.60,0,0,0
KSK,20160129,1.80,1.80,1.60,1.70,23200,1.80,1.80,1.60,1.70,0,0,0
KSK,20160128,1.70,1.70,1.70,1.70,14700,1.70,1.70,1.70,1.70,0,0,0
KSK,20160127,1.70,1.70,1.60,1.70,164300,1.70,1.70,1.60,1.70,0,0,0
KSK,20160126,1.70,1.80,1.60,1.70,89800,1.70,1.80,1.60,1.70,0,0,0
KSK,20160125,1.80,1.80,1.70,1.70,39700,1.80,1.80,1.70,1.70,0,0,0
KSK,20160122,1.70,1.80,1.70,1.70,70400,1.70,1.80,1.70,1.70,0,0,0
KSK,20160121,1.70,1.70,1.60,1.70,239300,1.70,1.70,1.60,1.70,0,0,0
KSK,20160120,1.60,1.60,1.60,1.60,8000,1.60,1.60,1.60,1.60,0,0,0
KSK,20160119,1.60,1.60,1.50,1.50,42500,1.60,1.60,1.50,1.50,0,0,0
KSK,20160118,1.60,1.60,1.60,1.60,94800,1.60,1.60,1.60,1.60,0,0,0
KSK,20160115,1.60,1.70,1.60,1.70,61900,1.60,1.70,1.60,1.70,0,0,0
KSK,20160114,1.70,1.70,1.60,1.70,54700,1.70,1.70,1.60,1.70,0,0,0
KSK,20160113,1.70,1.70,1.70,1.70,9200,1.70,1.70,1.70,1.70,0,0,0
KSK,20160112,1.60,1.70,1.60,1.70,11600,1.60,1.70,1.60,1.70,0,0,0
KSK,20160111,1.70,1.70,1.60,1.70,46600,1.70,1.70,1.60,1.70,0,0,0
KSK,20160108,1.70,1.80,1.60,1.60,84600,1.70,1.80,1.60,1.60,0,0,0
KSK,20160107,1.80,1.80,1.70,1.70,48600,1.80,1.80,1.70,1.70,0,0,0
KSK,20160106,1.80,1.80,1.70,1.80,13300,1.80,1.80,1.70,1.80,0,0,0
KSK,20160105,1.80,1.90,1.70,1.80,230200,1.80,1.90,1.70,1.80,0,0,0
KSK,20160104,1.80,1.80,1.80,1.80,1000,1.80,1.80,1.80,1.80,0,0,0
KSK,20151231,1.70,1.80,1.70,1.70,42600,1.70,1.80,1.70,1.70,0,0,0
KSK,20151230,1.70,1.70,1.60,1.70,84000,1.70,1.70,1.60,1.70,0,0,0
KSK,20151229,1.70,1.70,1.60,1.60,32600,1.70,1.70,1.60,1.60,0,0,0
KSK,20151228,1.80,1.80,1.70,1.70,51800,1.80,1.80,1.70,1.70,0,0,0
KSK,20151225,1.70,1.80,1.70,1.80,84600,1.70,1.80,1.70,1.80,0,0,600
KSK,20151224,1.80,1.80,1.70,1.80,94300,1.80,1.80,1.70,1.80,0,0,0
KSK,20151223,1.90,1.90,1.70,1.80,2500,1.90,1.90,1.70,1.80,0,0,0
KSK,20151222,1.80,1.80,1.70,1.80,45900,1.80,1.80,1.70,1.80,0,600,0
KSK,20151221,1.80,1.80,1.80,1.80,79700,1.80,1.80,1.80,1.80,0,0,500
KSK,20151218,1.80,1.90,1.80,1.90,55200,1.80,1.90,1.80,1.90,0,0,0
KSK,20151217,1.90,1.90,1.80,1.80,45500,1.90,1.90,1.80,1.80,0,0,0
KSK,20151216,1.90,1.90,1.70,1.80,74000,1.90,1.90,1.70,1.80,0,0,0
KSK,20151215,1.80,1.90,1.80,1.80,59400,1.80,1.90,1.80,1.80,0,0,0
KSK,20151214,1.80,1.90,1.80,1.80,111400,1.80,1.90,1.80,1.80,0,0,0
KSK,20151211,1.90,1.90,1.70,1.80,105100,1.90,1.90,1.70,1.80,0,0,0
KSK,20151210,1.90,1.90,1.80,1.80,236900,1.90,1.90,1.80,1.80,0,500,0
KSK,20151209,1.90,2.00,1.80,1.90,56700,1.90,2.00,1.80,1.90,0,0,0
KSK,20151208,1.80,2.00,1.80,1.90,145800,1.80,2.00,1.80,1.90,0,0,0
KSK,20151207,2.00,2.00,1.80,1.90,133600,2.00,2.00,1.80,1.90,0,0,0
KSK,20151204,1.90,2.00,1.80,2.00,232400,1.90,2.00,1.80,2.00,0,0,0
KSK,20151203,1.90,2.00,1.80,2.00,211000,1.90,2.00,1.80,2.00,0,0,0
KSK,20151202,1.90,2.00,1.90,1.90,47300,1.90,2.00,1.90,1.90,0,0,0
KSK,20151201,1.90,2.00,1.80,1.90,313000,1.90,2.00,1.80,1.90,0,0,0
KSK,20151130,2.00,2.00,1.90,2.00,212200,2.00,2.00,1.90,2.00,0,0,0
KSK,20151127,2.20,2.20,1.90,2.00,157200,2.20,2.20,1.90,2.00,0,0,0
KSK,20151126,2.00,2.00,1.90,2.00,377600,2.00,2.00,1.90,2.00,0,0,0
KSK,20151125,1.90,2.00,1.80,1.90,340000,1.90,2.00,1.80,1.90,0,0,0
KSK,20151124,1.90,2.00,1.80,1.90,85500,1.90,2.00,1.80,1.90,0,0,0
KSK,20151123,1.90,2.00,1.80,1.90,69100,1.90,2.00,1.80,1.90,0,0,0
KSK,20151120,1.80,2.00,1.80,1.90,102800,1.80,2.00,1.80,1.90,0,0,0
KSK,20151119,1.90,2.00,1.80,1.90,82300,1.90,2.00,1.80,1.90,0,0,0
KSK,20151118,1.90,2.00,1.80,1.90,71200,1.90,2.00,1.80,1.90,0,0,0
KSK,20151117,2.00,2.00,1.80,1.90,146500,2.00,2.00,1.80,1.90,0,0,0
KSK,20151116,2.00,2.00,1.90,1.90,160300,2.00,2.00,1.90,1.90,0,0,0
KSK,20151113,2.00,2.10,1.90,2.00,79700,2.00,2.10,1.90,2.00,0,0,0
KSK,20151112,1.90,2.00,1.90,2.00,39600,1.90,2.00,1.90,2.00,0,0,0
KSK,20151111,2.00,2.10,1.90,1.90,302500,2.00,2.10,1.90,1.90,0,0,0
KSK,20151110,2.10,2.20,2.00,2.10,164100,2.10,2.20,2.00,2.10,0,0,0
KSK,20151109,2.00,2.20,2.00,2.10,324100,2.00,2.20,2.00,2.10,0,0,0
KSK,20151106,2.10,2.20,1.90,2.00,83300,2.10,2.20,1.90,2.00,0,0,200
KSK,20151105,2.00,2.00,1.90,2.00,307600,2.00,2.00,1.90,2.00,0,0,0
KSK,20151104,1.80,1.90,1.80,1.90,395300,1.80,1.90,1.80,1.90,0,0,0
KSK,20151103,1.90,1.90,1.80,1.80,30900,1.90,1.90,1.80,1.80,0,0,0
KSK,20151102,1.80,1.90,1.80,1.90,60900,1.80,1.90,1.80,1.90,0,0,400
KSK,20151030,1.80,1.90,1.80,1.80,50300,1.80,1.90,1.80,1.80,0,0,0
KSK,20151029,1.90,1.90,1.80,1.90,50300,1.90,1.90,1.80,1.90,0,0,0
KSK,20151028,1.80,1.90,1.70,1.90,61800,1.80,1.90,1.70,1.90,0,0,0
KSK,20151027,1.90,1.90,1.80,1.80,17600,1.90,1.90,1.80,1.80,0,0,0
KSK,20151026,1.80,1.80,1.80,1.80,111300,1.80,1.80,1.80,1.80,0,0,0
KSK,20151023,1.80,1.90,1.80,1.90,12500,1.80,1.90,1.80,1.90,0,0,0
KSK,20151022,1.70,1.90,1.70,1.90,88100,1.70,1.90,1.70,1.90,0,0,0
KSK,20151021,1.90,1.90,1.70,1.80,28600,1.90,1.90,1.70,1.80,0,0,0
KSK,20151020,1.90,1.90,1.80,1.80,20900,1.90,1.90,1.80,1.80,0,0,100
KSK,20151019,1.90,1.90,1.70,1.90,9800,1.90,1.90,1.70,1.90,0,0,0
KSK,20151016,1.90,1.90,1.80,1.80,64200,1.90,1.90,1.80,1.80,0,0,0
KSK,20151015,1.90,1.90,1.70,1.90,110700,1.90,1.90,1.70,1.90,0,0,0
KSK,20151014,1.90,1.90,1.80,1.80,86300,1.90,1.90,1.80,1.80,0,700,0
KSK,20151013,2.00,2.00,1.80,1.80,310500,2.00,2.00,1.80,1.80,0,0,0
KSK,20151012,2.00,2.00,1.80,2.00,59800,2.00,2.00,1.80,2.00,0,0,0
KSK,20151009,2.00,2.10,1.80,2.00,135700,2.00,2.10,1.80,2.00,0,0,0
KSK,20151008,2.00,2.00,1.90,2.00,50900,2.00,2.00,1.90,2.00,0,0,0
KSK,20151007,2.00,2.00,1.90,2.00,72200,2.00,2.00,1.90,2.00,0,0,0
KSK,20151006,2.00,2.10,1.90,1.90,173700,2.00,2.10,1.90,1.90,0,0,0
KSK,20151005,1.90,2.00,1.80,2.00,207600,1.90,2.00,1.80,2.00,0,0,0
KSK,20151002,1.90,1.90,1.80,1.90,192700,1.90,1.90,1.80,1.90,0,0,0
KSK,20151001,1.80,1.90,1.80,1.80,22600,1.80,1.90,1.80,1.80,0,0,0
KSK,20150930,1.80,1.90,1.80,1.90,16700,1.80,1.90,1.80,1.90,0,0,0
KSK,20150929,2.00,2.00,1.80,1.80,240700,2.00,2.00,1.80,1.80,0,0,0
KSK,20150928,2.00,2.00,1.80,2.00,47300,2.00,2.00,1.80,2.00,0,0,0
KSK,20150925,2.00,2.00,1.90,2.00,11500,2.00,2.00,1.90,2.00,0,0,0
KSK,20150924,2.00,2.00,1.80,2.00,17000,2.00,2.00,1.80,2.00,0,0,0
KSK,20150923,2.00,2.00,1.80,1.90,22100,2.00,2.00,1.80,1.90,0,0,0
KSK,20150922,1.90,2.00,1.80,1.90,43400,1.90,2.00,1.80,1.90,0,0,0
KSK,20150921,2.00,2.00,1.80,1.90,60100,2.00,2.00,1.80,1.90,0,0,0
KSK,20150918,2.00,2.00,1.80,2.00,40400,2.00,2.00,1.80,2.00,0,0,0
KSK,20150917,2.00,2.00,1.80,1.90,21500,2.00,2.00,1.80,1.90,0,0,0
KSK,20150916,1.90,2.00,1.80,1.90,36400,1.90,2.00,1.80,1.90,0,0,0
KSK,20150915,1.90,2.00,1.80,2.00,43000,1.90,2.00,1.80,2.00,0,0,0
KSK,20150914,1.90,2.00,1.80,1.90,34500,1.90,2.00,1.80,1.90,0,0,0
KSK,20150911,1.90,2.00,1.80,2.00,100800,1.90,2.00,1.80,2.00,0,0,0
KSK,20150910,1.80,1.90,1.80,1.90,18400,1.80,1.90,1.80,1.90,0,0,0
KSK,20150909,1.90,2.00,1.80,1.90,47800,1.90,2.00,1.80,1.90,0,0,0
KSK,20150908,1.90,2.00,1.80,1.90,101000,1.90,2.00,1.80,1.90,0,0,0
KSK,20150907,1.80,1.90,1.80,1.90,36410,1.80,1.90,1.80,1.90,0,0,0
KSK,20150904,2.00,2.00,1.80,1.80,132800,2.00,2.00,1.80,1.80,0,0,0
KSK,20150903,1.90,2.00,1.80,1.90,51200,1.90,2.00,1.80,1.90,0,0,0
KSK,20150901,2.00,2.00,1.80,1.90,56700,2.00,2.00,1.80,1.90,0,0,0
KSK,20150831,2.00,2.00,1.80,1.90,138700,2.00,2.00,1.80,1.90,0,0,0
KSK,20150828,2.00,2.10,1.90,2.00,72000,2.00,2.10,1.90,2.00,0,0,0
KSK,20150827,2.00,2.00,2.00,2.00,332000,2.00,2.00,2.00,2.00,0,0,0
KSK,20150826,1.80,1.90,1.80,1.90,189900,1.80,1.90,1.80,1.90,0,0,0
KSK,20150825,1.80,1.90,1.80,1.80,157610,1.80,1.90,1.80,1.80,0,0,0
KSK,20150824,2.00,2.00,1.80,1.90,252900,2.00,2.00,1.80,1.90,0,0,0
KSK,20150821,2.00,2.00,1.80,2.00,536900,2.00,2.00,1.80,2.00,0,0,0
KSK,20150820,2.20,2.20,1.90,1.90,210500,2.20,2.20,1.90,1.90,0,0,0
KSK,20150819,2.20,2.30,2.10,2.10,105200,2.20,2.30,2.10,2.10,0,0,0
KSK,20150818,2.30,2.30,2.20,2.20,60700,2.30,2.30,2.20,2.20,0,0,0
KSK,20150817,2.40,2.40,2.20,2.30,99300,2.40,2.40,2.20,2.30,0,0,0
KSK,20150814,2.30,2.40,2.20,2.30,185800,2.30,2.40,2.20,2.30,0,0,0
KSK,20150813,2.40,2.40,2.20,2.30,398700,2.40,2.40,2.20,2.30,0,0,0
KSK,20150812,2.40,2.50,2.40,2.40,36500,2.40,2.50,2.40,2.40,0,0,0
KSK,20150811,2.50,2.50,2.40,2.40,52600,2.50,2.50,2.40,2.40,0,0,0
KSK,20150810,2.50,2.50,2.40,2.40,93400,2.50,2.50,2.40,2.40,0,0,0
KSK,20150807,2.40,2.60,2.40,2.60,44800,2.40,2.60,2.40,2.60,0,0,0
KSK,20150806,2.50,2.50,2.50,2.50,48900,2.50,2.50,2.50,2.50,0,0,0
KSK,20150805,2.40,2.60,2.40,2.50,208600,2.40,2.60,2.40,2.50,0,0,0
KSK,20150804,2.40,2.50,2.40,2.40,209900,2.40,2.50,2.40,2.40,0,0,0
KSK,20150803,2.60,2.70,2.40,2.40,77100,2.60,2.70,2.40,2.40,0,0,0
KSK,20150731,2.80,2.90,2.60,2.60,206800,2.80,2.90,2.60,2.60,0,0,0
KSK,20150730,2.80,2.90,2.70,2.80,59900,2.80,2.90,2.70,2.80,0,0,0
KSK,20150729,2.70,2.80,2.60,2.80,229500,2.70,2.80,2.60,2.80,0,0,0
KSK,20150728,2.70,2.90,2.60,2.70,145300,2.70,2.90,2.60,2.70,0,0,0
KSK,20150727,2.60,2.70,2.60,2.70,81200,2.60,2.70,2.60,2.70,0,0,0
KSK,20150724,2.60,2.70,2.60,2.60,49800,2.60,2.70,2.60,2.60,0,0,0
KSK,20150723,2.80,2.80,2.70,2.70,113100,2.80,2.80,2.70,2.70,0,0,0
KSK,20150722,2.70,2.90,2.70,2.90,59400,2.70,2.90,2.70,2.90,0,0,0
KSK,20150721,2.80,2.90,2.70,2.90,223400,2.80,2.90,2.70,2.90,0,0,0
KSK,20150720,2.90,3.00,2.80,2.90,228000,2.90,3.00,2.80,2.90,0,0,0
KSK,20150717,3.10,3.10,2.90,2.90,381300,3.10,3.10,2.90,2.90,0,0,0
KSK,20150716,2.90,3.00,2.90,3.00,351900,2.90,3.00,2.90,3.00,0,0,0
KSK,20150715,2.70,2.80,2.60,2.80,398500,2.70,2.80,2.60,2.80,0,0,0
KSK,20150714,2.60,2.70,2.60,2.60,115800,2.60,2.70,2.60,2.60,0,0,0
KSK,20150713,2.60,2.70,2.60,2.60,73600,2.60,2.70,2.60,2.60,0,0,0
KSK,20150710,2.60,2.70,2.60,2.60,93600,2.60,2.70,2.60,2.60,0,0,0
KSK,20150709,2.70,2.70,2.50,2.60,28200,2.70,2.70,2.50,2.60,0,0,0
KSK,20150708,2.60,2.70,2.50,2.60,303700,2.60,2.70,2.50,2.60,0,0,0
KSK,20150707,2.80,2.80,2.60,2.60,342100,2.80,2.80,2.60,2.60,0,0,0
KSK,20150706,2.80,2.80,2.70,2.80,194600,2.80,2.80,2.70,2.80,0,0,0
KSK,20150703,2.90,2.90,2.80,2.90,151700,2.90,2.90,2.80,2.90,0,0,0
KSK,20150702,2.70,2.90,2.70,2.80,84500,2.70,2.90,2.70,2.80,0,0,0
KSK,20150701,2.80,2.90,2.60,2.70,126600,2.80,2.90,2.60,2.70,0,0,0
KSK,20150630,2.70,2.80,2.70,2.70,337900,2.70,2.80,2.70,2.70,0,0,0
KSK,20150629,2.80,2.90,2.80,2.90,37900,2.80,2.90,2.80,2.90,0,0,0
KSK,20150626,2.90,3.00,2.80,3.00,38600,2.90,3.00,2.80,3.00,0,0,0
KSK,20150625,3.00,3.00,2.80,2.90,161300,3.00,3.00,2.80,2.90,0,0,0
KSK,20150624,3.00,3.20,3.00,3.10,132400,3.00,3.20,3.00,3.10,0,0,0
KSK,20150623,3.20,3.20,3.00,3.00,94700,3.20,3.20,3.00,3.00,0,0,0
KSK,20150622,3.00,3.20,3.00,3.10,112400,3.00,3.20,3.00,3.10,0,0,0
KSK,20150619,3.10,3.20,3.00,3.10,94400,3.10,3.20,3.00,3.10,0,0,0
KSK,20150618,3.20,3.20,3.10,3.20,88500,3.20,3.20,3.10,3.20,0,0,0
KSK,20150617,3.00,3.30,3.00,3.30,229600,3.00,3.30,3.00,3.30,0,0,0
KSK,20150616,3.30,3.40,3.20,3.30,82500,3.30,3.40,3.20,3.30,0,0,0
KSK,20150615,3.30,3.40,3.20,3.30,219700,3.30,3.40,3.20,3.30,0,0,0
KSK,20150612,3.10,3.30,3.10,3.30,226500,3.10,3.30,3.10,3.30,0,0,0
KSK,20150611,3.30,3.30,3.10,3.10,324400,3.30,3.30,3.10,3.10,0,0,0
KSK,20150610,3.20,3.30,3.20,3.30,258200,3.20,3.30,3.20,3.30,0,0,0
KSK,20150609,3.30,3.40,3.20,3.30,215500,3.30,3.40,3.20,3.30,0,0,0
KSK,20150608,3.50,3.50,3.20,3.40,216100,3.50,3.50,3.20,3.40,0,0,0
KSK,20150605,3.20,3.40,3.20,3.40,179600,3.20,3.40,3.20,3.40,0,0,0
KSK,20150604,3.20,3.40,3.10,3.30,198800,3.20,3.40,3.10,3.30,0,0,0
KSK,20150603,3.30,3.30,3.10,3.20,77200,3.30,3.30,3.10,3.20,0,0,0
KSK,20150602,3.20,3.40,3.10,3.20,328100,3.20,3.40,3.10,3.20,0,0,0
KSK,20150601,3.10,3.30,3.10,3.30,122800,3.10,3.30,3.10,3.30,0,0,0
KSK,20150529,3.20,3.30,3.10,3.10,263500,3.20,3.30,3.10,3.10,0,0,6600
KSK,20150528,3.30,3.40,3.20,3.30,350486,3.30,3.40,3.20,3.30,0,0,0
KSK,20150527,3.50,3.50,3.30,3.40,497400,3.50,3.50,3.30,3.40,0,0,0
KSK,20150526,3.50,3.70,3.40,3.50,631400,3.50,3.70,3.40,3.50,0,0,400
KSK,20150525,3.10,3.40,3.10,3.40,484386,3.10,3.40,3.10,3.40,0,0,700
KSK,20150522,2.90,3.10,2.90,3.10,493300,2.90,3.10,2.90,3.10,0,0,700
KSK,20150521,2.70,2.90,2.60,2.90,476800,2.70,2.90,2.60,2.90,0,0,0
KSK,20150520,2.60,2.70,2.50,2.70,181700,2.60,2.70,2.50,2.70,0,0,0
KSK,20150519,2.60,2.60,2.50,2.50,145200,2.60,2.60,2.50,2.50,0,0,0
KSK,20150518,2.50,2.70,2.40,2.60,331600,2.50,2.70,2.40,2.60,0,0,0
KSK,20150515,2.60,2.70,2.60,2.60,102800,2.60,2.70,2.60,2.60,0,0,0
KSK,20150514,2.70,2.70,2.70,2.70,93300,2.70,2.70,2.70,2.70,0,6600,0
KSK,20150513,2.60,2.70,2.60,2.70,198100,2.60,2.70,2.60,2.70,0,0,0
KSK,20150512,2.50,2.60,2.50,2.60,100900,2.50,2.60,2.50,2.60,0,0,0
KSK,20150511,2.60,2.70,2.50,2.50,128300,2.60,2.70,2.50,2.50,0,0,0
KSK,20150508,2.50,2.60,2.50,2.60,110200,2.50,2.60,2.50,2.60,0,0,0
KSK,20150507,2.30,2.50,2.30,2.50,173200,2.30,2.50,2.30,2.50,0,0,0
KSK,20150506,2.60,2.60,2.50,2.50,73000,2.60,2.60,2.50,2.50,0,0,0
KSK,20150505,2.50,2.60,2.40,2.60,139100,2.50,2.60,2.40,2.60,0,0,0
KSK,20150504,2.70,2.80,2.60,2.60,191700,2.70,2.80,2.60,2.60,0,0,0
KSK,20150427,2.80,2.90,2.80,2.80,87300,2.80,2.90,2.80,2.80,0,0,700
KSK,20150424,2.90,2.90,2.70,2.80,159300,2.90,2.90,2.70,2.80,0,300,0
KSK,20150423,3.00,3.00,2.80,2.80,116100,3.00,3.00,2.80,2.80,0,0,0
KSK,20150422,2.90,3.00,2.90,3.00,80000,2.90,3.00,2.90,3.00,0,0,400
KSK,20150421,2.90,3.00,2.80,2.90,280000,2.90,3.00,2.80,2.90,0,400,0
KSK,20150420,3.10,3.10,2.90,2.90,396400,3.10,3.10,2.90,2.90,0,400,0
KSK,20150417,3.20,3.30,3.10,3.10,488200,3.20,3.30,3.10,3.10,0,0,0
KSK,20150416,3.10,3.40,3.00,3.40,222400,3.10,3.40,3.00,3.40,0,500,0
KSK,20150415,3.20,3.30,3.10,3.10,565000,3.20,3.30,3.10,3.10,0,500,0
KSK,20150414,3.40,3.40,3.20,3.30,447700,3.40,3.40,3.20,3.30,0,0,0
KSK,20150413,3.50,3.60,3.40,3.50,355300,3.50,3.60,3.40,3.50,0,0,0
KSK,20150410,3.60,3.70,3.50,3.60,205000,3.60,3.70,3.50,3.60,0,0,500
KSK,20150409,3.50,3.60,3.50,3.60,26900,3.50,3.60,3.50,3.60,500000,0,0
KSK,20150408,3.60,3.60,3.50,3.50,89900,3.60,3.60,3.50,3.50,1000000,0,0
KSK,20150407,3.70,3.70,3.50,3.60,92400,3.70,3.70,3.50,3.60,0,400,0
KSK,20150406,3.70,3.70,3.50,3.70,4900,3.70,3.70,3.50,3.70,0,0,0
KSK,20150403,3.80,3.80,3.60,3.60,48400,3.80,3.80,3.60,3.60,0,0,0
KSK,20150402,3.60,3.60,3.50,3.50,27300,3.60,3.60,3.50,3.50,0,0,0
KSK,20150401,3.70,3.80,3.50,3.50,155800,3.70,3.80,3.50,3.50,0,0,0
KSK,20150331,3.70,3.80,3.70,3.80,1100,3.70,3.80,3.70,3.80,0,0,0
KSK,20150330,3.90,3.90,3.70,3.80,30200,3.90,3.90,3.70,3.80,0,0,0
KSK,20150327,3.80,3.90,3.80,3.80,54500,3.80,3.90,3.80,3.80,0,400,0
KSK,20150326,3.80,3.80,3.70,3.80,57710,3.80,3.80,3.70,3.80,0,0,0
KSK,20150325,3.90,3.90,3.70,3.70,68700,3.90,3.90,3.70,3.70,0,0,0
KSK,20150324,3.80,3.80,3.70,3.80,87110,3.80,3.80,3.70,3.80,0,0,0
KSK,20150323,3.90,3.90,3.80,3.80,176810,3.90,3.90,3.80,3.80,0,500,0
KSK,20150320,4.00,4.00,3.90,4.00,68800,4.00,4.00,3.90,4.00,0,0,0
KSK,20150319,4.00,4.10,3.80,4.00,126400,4.00,4.10,3.80,4.00,650000,0,0
KSK,20150318,4.00,4.00,3.90,4.00,22400,4.00,4.00,3.90,4.00,650000,0,0
KSK,20150317,4.10,4.10,3.90,4.10,67200,4.10,4.10,3.90,4.10,679000,0,0
KSK,20150316,4.00,4.00,4.00,4.00,28900,4.00,4.00,4.00,4.00,0,0,0
KSK,20150313,4.10,4.10,4.00,4.10,67500,4.10,4.10,4.00,4.10,157700,0,0
KSK,20150312,4.20,4.20,4.10,4.10,13800,4.20,4.20,4.10,4.10,0,0,0
KSK,20150311,4.10,4.10,4.10,4.10,10100,4.10,4.10,4.10,4.10,0,0,0
KSK,20150310,4.00,4.20,4.00,4.20,97500,4.00,4.20,4.00,4.20,0,0,0
KSK,20150309,4.00,4.20,4.00,4.00,72400,4.00,4.20,4.00,4.00,0,0,0
KSK,20150306,4.30,4.30,4.10,4.10,126700,4.30,4.30,4.10,4.10,0,0,0
KSK,20150305,4.40,4.40,4.30,4.30,34600,4.40,4.40,4.30,4.30,0,0,0
KSK,20150304,4.40,4.40,4.20,4.30,104700,4.40,4.40,4.20,4.30,0,0,0
KSK,20150303,4.00,4.40,4.00,4.40,340300,4.00,4.40,4.00,4.40,0,0,1000
KSK,20150302,4.00,4.10,3.90,4.00,50900,4.00,4.10,3.90,4.00,0,0,0
KSK,20150227,4.10,4.20,4.00,4.00,49400,4.10,4.20,4.00,4.00,0,0,0
KSK,20150226,4.20,4.20,4.00,4.10,74300,4.20,4.20,4.00,4.10,0,0,0
KSK,20150225,4.20,4.30,4.20,4.20,109400,4.20,4.30,4.20,4.20,0,0,0
KSK,20150224,4.20,4.40,4.20,4.20,51400,4.20,4.40,4.20,4.20,0,0,100
KSK,20150213,4.00,4.20,4.00,4.20,25000,4.00,4.20,4.00,4.20,0,0,0
KSK,20150212,4.00,4.10,3.90,4.10,72400,4.00,4.10,3.90,4.10,0,0,0
KSK,20150211,3.90,4.00,3.90,4.00,40200,3.90,4.00,3.90,4.00,0,0,600
KSK,20150210,3.80,3.90,3.70,3.90,44500,3.80,3.90,3.70,3.90,0,0,0
KSK,20150209,3.90,3.90,3.70,3.80,88200,3.90,3.90,3.70,3.80,18000,300,0
KSK,20150206,3.80,3.90,3.80,3.90,47300,3.80,3.90,3.80,3.90,157700,300,0
KSK,20150205,3.90,3.90,3.80,3.80,38700,3.90,3.90,3.80,3.80,0,0,0
KSK,20150204,3.90,4.00,3.80,3.80,86200,3.90,4.00,3.80,3.80,0,0,0
KSK,20150203,4.00,4.10,3.80,3.80,450400,4.00,4.10,3.80,3.80,0,0,0
KSK,20150202,4.30,4.30,4.00,4.10,287100,4.30,4.30,4.00,4.10,0,0,0
KSK,20150130,4.50,4.50,4.30,4.30,134600,4.50,4.50,4.30,4.30,0,400,0
KSK,20150129,4.50,4.50,4.30,4.50,176900,4.50,4.50,4.30,4.50,0,0,0
KSK,20150128,4.60,4.60,4.50,4.50,127100,4.60,4.60,4.50,4.50,0,0,0
KSK,20150127,4.60,4.70,4.50,4.70,166800,4.60,4.70,4.50,4.70,0,0,0
KSK,20150126,4.70,4.80,4.60,4.70,345300,4.70,4.80,4.60,4.70,0,0,0
KSK,20150123,4.80,4.80,4.50,4.50,360000,4.80,4.80,4.50,4.50,0,0,0
KSK,20150122,4.80,4.80,4.70,4.80,228300,4.80,4.80,4.70,4.80,0,0,0
KSK,20150121,4.90,4.90,4.70,4.80,47300,4.90,4.90,4.70,4.80,0,0,0
KSK,20150120,4.80,4.90,4.70,4.90,34800,4.80,4.90,4.70,4.90,0,0,0
KSK,20150119,4.80,4.90,4.70,4.80,90300,4.80,4.90,4.70,4.80,0,0,0
KSK,20150116,4.80,4.90,4.70,4.70,110600,4.80,4.90,4.70,4.70,0,0,0
KSK,20150115,4.80,5.00,4.80,4.80,225300,4.80,5.00,4.80,4.80,0,0,0
KSK,20150114,4.90,4.90,4.70,4.90,35600,4.90,4.90,4.70,4.90,0,0,0
KSK,20150113,4.90,5.00,4.80,4.90,69700,4.90,5.00,4.80,4.90,0,0,0
KSK,20150112,5.20,5.20,4.70,4.70,107400,5.20,5.20,4.70,4.70,0,0,0
KSK,20150109,5.10,5.10,4.90,5.10,61800,5.10,5.10,4.90,5.10,0,0,0
KSK,20150108,5.20,5.20,5.00,5.10,53500,5.20,5.20,5.00,5.10,0,0,0
KSK,20150107,5.00,5.20,5.00,5.20,212600,5.00,5.20,5.00,5.20,0,0,0
KSK,20150106,4.80,5.00,4.70,5.00,146000,4.80,5.00,4.70,5.00,0,0,0
KSK,20150105,5.30,5.30,4.90,5.00,91500,5.30,5.30,4.90,5.00,0,0,0
KSK,20141231,5.00,5.20,4.80,5.10,107004,5.00,5.20,4.80,5.10,0,0,400
KSK,20141230,4.50,4.90,4.40,4.90,121200,4.50,4.90,4.40,4.90,0,0,800
KSK,20141229,5.00,5.10,4.50,4.50,150500,5.00,5.10,4.50,4.50,72000,300,0
KSK,20141226,5.10,5.10,4.80,5.00,142900,5.10,5.10,4.80,5.00,0,400,0
KSK,20141225,5.10,5.30,5.10,5.10,89400,5.10,5.30,5.10,5.10,0,0,0
KSK,20141224,5.30,5.30,5.10,5.20,80200,5.30,5.30,5.10,5.20,0,0,0
KSK,20141223,5.30,5.40,5.00,5.10,182200,5.30,5.40,5.00,5.10,10000,400,0
KSK,20141222,5.60,5.60,5.10,5.30,273700,5.60,5.60,5.10,5.30,0,0,0
KSK,20141219,5.70,5.70,5.20,5.50,175000,5.70,5.70,5.20,5.50,0,0,0
KSK,20141218,5.50,5.70,5.50,5.70,141900,5.50,5.70,5.50,5.70,0,0,0
KSK,20141217,5.70,5.80,5.30,5.50,261300,5.70,5.80,5.30,5.50,0,0,0
KSK,20141216,5.80,5.80,5.60,5.80,33700,5.80,5.80,5.60,5.80,0,0,0
KSK,20141215,5.60,6.20,5.60,5.90,416700,5.60,6.20,5.60,5.90,0,0,1000
KSK,20141212,5.70,5.70,5.60,5.70,57700,5.70,5.70,5.60,5.70,0,0,0
KSK,20141211,5.70,5.70,5.50,5.70,162310,5.70,5.70,5.50,5.70,0,0,0
KSK,20141210,5.60,5.70,5.50,5.70,108300,5.60,5.70,5.50,5.70,0,0,0
KSK,20141209,5.70,5.70,5.50,5.50,392100,5.70,5.70,5.50,5.50,0,0,0
KSK,20141208,5.90,5.90,5.80,5.80,84300,5.90,5.90,5.80,5.80,0,0,0
KSK,20141205,5.60,6.00,5.60,6.00,193500,5.60,6.00,5.60,6.00,24000,0,0
KSK,20141204,5.90,6.10,5.90,5.90,262300,5.90,6.10,5.90,5.90,0,0,0
KSK,20141203,5.80,6.00,5.80,6.00,153300,5.80,6.00,5.80,6.00,0,0,0
KSK,20141202,5.90,5.90,5.80,5.90,137000,5.90,5.90,5.80,5.90,0,400,0
KSK,20141201,5.90,6.00,5.90,6.00,109700,5.90,6.00,5.90,6.00,0,0,0
KSK,20141128,5.90,6.10,5.90,5.90,128410,5.90,6.10,5.90,5.90,0,0,0
KSK,20141127,5.80,5.90,5.70,5.90,147000,5.80,5.90,5.70,5.90,0,0,0
KSK,20141126,6.00,6.00,5.70,5.80,430900,6.00,6.00,5.70,5.80,0,0,0
KSK,20141125,6.00,6.10,5.90,6.00,214700,6.00,6.10,5.90,6.00,0,0,0
KSK,20141124,6.00,6.10,5.90,6.00,548904,6.00,6.10,5.90,6.00,0,0,0
KSK,20141121,6.30,6.40,6.10,6.10,335870,6.30,6.40,6.10,6.10,0,0,59900
KSK,20141120,6.30,6.40,6.20,6.30,494800,6.30,6.40,6.20,6.30,340100,0,0
KSK,20141119,6.50,6.50,6.30,6.30,242500,6.50,6.50,6.30,6.30,0,0,0
KSK,20141118,6.50,6.60,6.40,6.50,604800,6.50,6.60,6.40,6.50,481100,20000,0
KSK,20141117,6.40,6.60,6.40,6.50,1165400,6.40,6.60,6.40,6.50,116800,0,0
KSK,20141114,6.60,6.60,6.40,6.40,429900,6.60,6.60,6.40,6.40,0,0,0
KSK,20141113,6.80,6.80,6.50,6.60,507200,6.80,6.80,6.50,6.60,0,0,0
KSK,20141112,6.40,6.80,6.40,6.60,611200,6.40,6.80,6.40,6.60,43000,0,0
KSK,20141111,6.40,6.50,6.20,6.40,599220,6.40,6.50,6.20,6.40,0,0,0
KSK,20141110,6.30,6.50,6.30,6.40,226600,6.30,6.50,6.30,6.40,0,0,0
KSK,20141107,6.50,6.50,6.40,6.40,225800,6.50,6.50,6.40,6.40,168000,0,0
KSK,20141106,6.40,6.50,6.30,6.40,470600,6.40,6.50,6.30,6.40,0,0,0
KSK,20141105,6.40,6.50,6.30,6.30,404700,6.40,6.50,6.30,6.30,138000,0,0
KSK,20141104,6.50,6.60,6.30,6.40,258500,6.50,6.60,6.30,6.40,0,0,0
KSK,20141103,6.50,6.80,6.50,6.60,887200,6.50,6.80,6.50,6.60,0,0,0
KSK,20141031,6.00,6.60,5.70,6.30,761100,6.00,6.60,5.70,6.30,0,0,0
KSK,20141030,6.50,6.50,6.20,6.20,189400,6.50,6.50,6.20,6.20,0,0,0
KSK,20141029,6.50,6.60,6.40,6.50,596400,6.50,6.60,6.40,6.50,0,0,0
KSK,20141028,6.30,6.50,6.30,6.40,502300,6.30,6.50,6.30,6.40,0,0,0
KSK,20141027,6.80,6.90,6.30,6.30,688500,6.80,6.90,6.30,6.30,0,0,0
KSK,20141024,7.00,7.10,6.80,6.90,373310,7.00,7.10,6.80,6.90,0,0,0
KSK,20141023,7.40,7.70,6.90,6.90,743000,7.40,7.70,6.90,6.90,0,0,0
KSK,20141022,6.60,7.20,6.60,7.20,1007500,6.60,7.20,6.60,7.20,0,0,200
KSK,20141021,6.60,6.70,6.50,6.60,277300,6.60,6.70,6.50,6.60,42900,0,0
KSK,20141020,6.90,6.90,6.60,6.60,498200,6.90,6.90,6.60,6.60,0,0,0
KSK,20141017,6.70,6.80,6.50,6.70,567500,6.70,6.80,6.50,6.70,0,0,0
KSK,20141016,7.00,7.20,6.70,6.70,529300,7.00,7.20,6.70,6.70,0,0,0
KSK,20141015,7.10,7.20,6.90,7.10,599000,7.10,7.20,6.90,7.10,0,20100,0
KSK,20141014,7.30,7.40,7.10,7.10,614650,7.30,7.40,7.10,7.10,0,20000,0
KSK,20141013,6.90,7.50,6.80,7.00,512300,6.90,7.50,6.80,7.00,0,0,0
KSK,20141010,7.10,7.10,6.70,6.90,627900,7.10,7.10,6.70,6.90,0,0,0
KSK,20141009,7.50,7.50,7.10,7.10,662400,7.50,7.50,7.10,7.10,0,0,0
KSK,20141008,7.70,7.70,7.40,7.40,502400,7.70,7.70,7.40,7.40,0,0,0
KSK,20141007,7.60,7.80,7.40,7.60,813800,7.60,7.80,7.40,7.60,0,0,0
KSK,20141006,7.90,7.90,7.50,7.60,894100,7.90,7.90,7.50,7.60,0,0,0
KSK,20141003,8.80,8.80,7.60,7.90,1086440,8.80,8.80,7.60,7.90,0,0,0
KSK,20141002,8.10,8.10,8.00,8.10,1075400,8.10,8.10,8.00,8.10,0,0,0
KSK,20141001,6.70,7.40,6.70,7.40,460800,6.70,7.40,6.70,7.40,405000,0,0
KSK,20140930,6.20,6.80,5.80,6.80,830110,6.20,6.80,5.80,6.80,0,0,600
KSK,20140929,7.00,7.00,6.40,6.40,698200,7.00,7.00,6.40,6.40,0,0,0
KSK,20140926,8.00,8.00,7.10,7.10,764900,8.00,8.00,7.10,7.10,0,200,0
KSK,20140925,8.10,8.10,7.80,7.80,406600,8.10,8.10,7.80,7.80,0,0,0
KSK,20140924,7.90,8.20,7.90,8.10,266800,7.90,8.20,7.90,8.10,0,0,0
KSK,20140923,8.10,8.10,7.60,7.90,458650,8.10,8.10,7.60,7.90,1979000,200,0
KSK,20140922,8.90,9.10,8.10,8.10,462200,8.90,9.10,8.10,8.10,15000,200,0
KSK,20140919,9.40,9.50,8.80,8.90,527100,9.40,9.50,8.80,8.90,0,200,0
KSK,20140918,9.40,10.10,9.10,9.60,603200,9.40,10.10,9.10,9.60,0,0,0
KSK,20140917,9.60,10.20,9.40,9.40,476000,9.60,10.20,9.40,9.40,22000,200,0
KSK,20140916,9.70,10.00,9.50,9.70,331500,9.70,10.00,9.50,9.70,0,0,0
KSK,20140915,10.20,10.20,9.80,9.80,492900,10.20,10.20,9.80,9.80,40000,200,0
KSK,20140912,10.10,10.20,9.80,10.20,915000,10.10,10.20,9.80,10.20,30000,0,0
KSK,20140911,10.30,10.30,10.00,10.10,986100,10.30,10.30,10.00,10.10,0,200,0
KSK,20140910,10.20,10.40,10.00,10.30,767700,10.20,10.40,10.00,10.30,0,200,0
KSK,20140909,10.80,10.90,10.10,10.20,589200,10.80,10.90,10.10,10.20,0,0,10000
KSK,20140908,10.70,11.10,10.70,10.80,1088000,10.70,11.10,10.70,10.80,0,200,0
KSK,20140905,11.30,11.30,10.60,10.80,542600,11.30,11.30,10.60,10.80,0,0,0
KSK,20140904,11.10,11.30,10.50,11.30,912400,11.10,11.30,10.50,11.30,175900,10200,0
KSK,20140903,12.00,12.00,11.10,11.10,1186600,12.00,12.00,11.10,11.10,0,0,0
KSK,20140829,12.00,12.30,11.80,11.90,848610,12.00,12.30,11.80,11.90,0,0,0
KSK,20140828,10.30,11.20,10.30,11.20,1006200,10.30,11.20,10.30,11.20,0,0,0
KSK,20140827,10.80,10.80,10.00,10.20,256900,10.80,10.80,10.00,10.20,0,0,0
KSK,20140826,11.30,11.30,10.50,10.50,807100,11.30,11.30,10.50,10.50,0,0,0
KSK,20140825,11.30,11.40,10.80,11.00,292100,11.30,11.40,10.80,11.00,0,0,0
KSK,20140822,11.30,11.40,11.00,11.00,154400,11.30,11.40,11.00,11.00,0,0,0
KSK,20140821,11.60,11.80,11.20,11.20,724500,11.60,11.80,11.20,11.20,0,0,0
KSK,20140820,11.60,11.70,11.40,11.60,336500,11.60,11.70,11.40,11.60,0,0,0
KSK,20140819,11.80,11.90,11.50,11.50,228700,11.80,11.90,11.50,11.50,0,0,0
KSK,20140818,11.50,12.00,11.50,12.00,229700,11.50,12.00,11.50,12.00,0,0,0
KSK,20140815,12.10,12.10,11.50,11.50,561500,12.10,12.10,11.50,11.50,0,0,0
KSK,20140814,12.20,12.50,11.80,12.10,437100,12.20,12.50,11.80,12.10,0,0,0
KSK,20140813,12.10,12.80,12.00,12.20,525000,12.10,12.80,12.00,12.20,0,0,0
KSK,20140812,11.90,12.30,11.80,12.00,317900,11.90,12.30,11.80,12.00,0,0,0
KSK,20140811,11.70,11.90,11.70,11.90,413500,11.70,11.90,11.70,11.90,0,0,0
KSK,20140808,11.70,11.90,11.60,11.70,158800,11.70,11.90,11.60,11.70,0,0,0
KSK,20140807,11.80,11.90,11.60,11.70,461400,11.80,11.90,11.60,11.70,0,0,0
KSK,20140806,11.60,11.90,11.60,11.80,988400,11.60,11.90,11.60,11.80,0,0,0
KSK,20140805,11.60,11.90,11.60,11.60,162500,11.60,11.90,11.60,11.60,0,0,0
KSK,20140804,11.60,11.90,11.50,11.70,126300,11.60,11.90,11.50,11.70,0,0,0
KSK,20140801,11.80,11.90,11.50,11.50,114600,11.80,11.90,11.50,11.50,0,0,0
KSK,20140731,11.30,11.80,11.30,11.80,140300,11.30,11.80,11.30,11.80,0,0,0
KSK,20140730,11.30,11.60,11.00,11.60,159700,11.30,11.60,11.00,11.60,0,0,0
KSK,20140729,11.20,11.60,11.20,11.50,178200,11.20,11.60,11.20,11.50,0,0,0
KSK,20140728,11.70,11.70,11.20,11.30,179500,11.70,11.70,11.20,11.30,0,0,0
KSK,20140725,12.50,12.50,11.60,11.60,532300,12.50,12.50,11.60,11.60,0,0,0
KSK,20140724,12.50,12.50,12.10,12.10,94900,12.50,12.50,12.10,12.10,0,0,0
KSK,20140723,12.60,12.80,12.40,12.50,199400,12.60,12.80,12.40,12.50,0,0,0
KSK,20140722,12.60,12.80,12.40,12.50,756000,12.60,12.80,12.40,12.50,0,0,0
KSK,20140721,12.90,13.10,12.40,12.40,314500,12.90,13.10,12.40,12.40,0,0,0
KSK,20140718,13.00,13.20,12.50,12.90,383400,13.00,13.20,12.50,12.90,0,0,0
KSK,20140717,13.10,13.10,12.90,13.00,87600,13.10,13.10,12.90,13.00,0,0,0
KSK,20140716,13.00,13.20,12.90,12.90,115000,13.00,13.20,12.90,12.90,0,0,0
KSK,20140715,13.00,13.10,12.80,12.90,129700,13.00,13.10,12.80,12.90,0,0,0
KSK,20140714,12.70,13.00,12.60,12.80,130400,12.70,13.00,12.60,12.80,0,0,0
KSK,20140711,13.40,13.40,12.60,12.70,185900,13.40,13.40,12.60,12.70,0,0,0
KSK,20140710,13.60,13.60,12.90,13.00,227431,13.60,13.60,12.90,13.00,0,0,0
KSK,20140709,13.70,13.90,13.40,13.50,260600,13.70,13.90,13.40,13.50,70000,0,0
KSK,20140708,13.90,13.90,13.60,13.60,80200,13.90,13.90,13.60,13.60,970000,0,0
KSK,20140707,14.30,14.40,13.80,13.80,153800,14.30,14.40,13.80,13.80,0,0,0
KSK,20140704,14.60,14.80,14.20,14.20,154439,14.60,14.80,14.20,14.20,0,0,0
KSK,20140703,14.30,14.80,14.30,14.60,123900,14.30,14.80,14.30,14.60,0,0,0
KSK,20140702,14.30,14.40,14.10,14.30,64900,14.30,14.40,14.10,14.30,0,0,0
KSK,20140701,13.90,14.40,13.90,14.20,82000,13.90,14.40,13.90,14.20,0,0,0
KSK,20140630,13.30,13.80,13.20,13.80,205100,13.30,13.80,13.20,13.80,780000,0,0
KSK,20140627,13.30,13.40,13.00,13.00,72400,13.30,13.40,13.00,13.00,0,0,0
KSK,20140626,13.40,13.50,13.10,13.40,136600,13.40,13.50,13.10,13.40,0,0,0
KSK,20140625,13.40,13.60,13.40,13.50,143500,13.40,13.60,13.40,13.50,0,0,0
KSK,20140624,13.60,13.70,13.30,13.30,194100,13.60,13.70,13.30,13.30,0,0,0
KSK,20140623,13.70,13.90,13.50,13.70,286200,13.70,13.90,13.50,13.70,0,0,0
KSK,20140620,13.50,13.90,13.30,13.70,255710,13.50,13.90,13.30,13.70,0,0,0
KSK,20140619,13.30,14.00,13.30,13.80,347730,13.30,14.00,13.30,13.80,0,0,0
KSK,20140618,13.00,13.30,13.00,13.30,248540,13.00,13.30,13.00,13.30,0,0,0
KSK,20140617,11.00,12.10,11.00,12.10,281720,11.00,12.10,11.00,12.10,0,0,0
KSK,20140616,11.20,11.30,11.00,11.00,91900,11.20,11.30,11.00,11.00,0,0,0
KSK,20140613,11.20,11.30,11.00,11.20,174800,11.20,11.30,11.00,11.20,0,0,0
KSK,20140612,11.20,11.30,11.00,11.20,167900,11.20,11.30,11.00,11.20,0,0,0
KSK,20140611,11.10,11.30,11.10,11.30,161100,11.10,11.30,11.10,11.30,0,0,0
KSK,20140610,11.30,11.40,11.10,11.30,162800,11.30,11.40,11.10,11.30,0,0,0
KSK,20140609,10.60,11.30,10.60,11.30,195260,10.60,11.30,10.60,11.30,0,0,0
KSK,20140606,11.20,11.20,10.80,10.80,118300,11.20,11.20,10.80,10.80,0,0,0
KSK,20140605,11.30,11.30,11.10,11.20,146400,11.30,11.30,11.10,11.20,0,0,0
KSK,20140604,11.20,11.40,11.10,11.30,165400,11.20,11.40,11.10,11.30,0,0,0
KSK,20140603,11.30,11.30,11.00,11.20,149200,11.30,11.30,11.00,11.20,0,0,0
KSK,20140602,11.40,11.40,11.00,11.00,147600,11.40,11.40,11.00,11.00,0,0,0
KSK,20140530,11.40,11.60,11.40,11.50,149100,11.40,11.60,11.40,11.50,0,0,0
KSK,20140529,11.70,11.70,11.20,11.50,160300,11.70,11.70,11.20,11.50,0,0,0
KSK,20140528,11.70,11.80,11.40,11.50,175500,11.70,11.80,11.40,11.50,0,0,0
KSK,20140527,11.30,11.70,11.30,11.70,180600,11.30,11.70,11.30,11.70,0,0,0
KSK,20140526,11.30,11.40,11.00,11.30,149400,11.30,11.40,11.00,11.30,0,0,0
KSK,20140523,11.30,11.50,11.00,11.30,205100,11.30,11.50,11.00,11.30,0,0,0
KSK,20140522,11.60,11.90,11.20,11.50,213100,11.60,11.90,11.20,11.50,0,0,0
KSK,20140521,11.50,11.70,11.40,11.60,123900,11.50,11.70,11.40,11.60,0,0,0
KSK,20140520,11.60,11.70,11.10,11.50,89300,11.60,11.70,11.10,11.50,0,0,0
KSK,20140519,11.50,11.70,10.70,11.50,161500,11.50,11.70,10.70,11.50,0,0,0
KSK,20140516,11.50,11.80,11.40,11.40,82300,11.50,11.80,11.40,11.40,0,0,0
KSK,20140515,12.10,12.10,10.70,11.30,206400,12.10,12.10,10.70,11.30,0,0,0
KSK,20140514,10.90,11.80,10.90,11.80,1600,10.90,11.80,10.90,11.80,0,0,1000
KSK,20140513,11.60,11.80,10.90,10.90,138000,11.60,11.80,10.90,10.90,0,0,0
KSK,20140512,12.20,12.30,11.80,11.90,188200,12.20,12.30,11.80,11.90,0,0,0
KSK,20140509,12.20,12.40,12.10,12.20,180300,12.20,12.40,12.10,12.20,0,0,0
KSK,20140508,13.30,13.30,12.50,12.50,193700,13.30,13.30,12.50,12.50,0,0,0
KSK,20140507,13.90,13.90,13.20,13.70,286200,13.90,13.90,13.20,13.70,0,0,400
KSK,20140506,13.50,13.50,13.00,13.40,287500,13.50,13.50,13.00,13.40,0,0,600
KSK,20140505,13.70,13.90,13.60,13.70,223900,13.70,13.90,13.60,13.70,0,0,0
KSK,20140429,13.60,13.90,13.50,13.90,304000,13.60,13.90,13.50,13.90,0,0,0
KSK,20140428,14.00,14.40,13.50,13.90,243400,14.00,14.40,13.50,13.90,0,0,0
KSK,20140425,14.20,14.30,13.70,13.90,276100,14.20,14.30,13.70,13.90,0,0,0
KSK,20140424,13.50,13.70,13.50,13.70,217300,13.50,13.70,13.50,13.70,0,0,0
KSK,20140423,14.10,15.00,13.50,13.50,419900,14.10,15.00,13.50,13.50,0,0,0
KSK,20140422,13.80,14.30,13.70,14.10,360100,13.80,14.30,13.70,14.10,0,0,0
KSK,20140421,14.00,14.40,13.70,14.10,357400,14.00,14.40,13.70,14.10,0,0,0
KSK,20140418,14.50,14.50,14.00,14.00,504400,14.50,14.50,14.00,14.00,0,0,0
KSK,20140417,14.30,15.30,14.10,14.50,587500,14.30,15.30,14.10,14.50,0,0,1000
KSK,20140416,13.90,14.30,13.90,14.30,433800,13.90,14.30,13.90,14.30,0,0,0
KSK,20140415,14.40,14.50,13.10,13.10,631900,14.40,14.50,13.10,13.10,0,0,0
KSK,20140414,14.70,14.70,14.20,14.50,611300,14.70,14.70,14.20,14.50,0,0,0
KSK,20140411,14.60,14.80,14.10,14.70,764500,14.60,14.80,14.10,14.70,0,0,0
KSK,20140410,14.30,15.30,14.10,14.80,564210,14.30,15.30,14.10,14.80,0,0,1000
KSK,20140408,14.40,14.60,14.20,14.60,615400,14.40,14.60,14.20,14.60,0,0,0
KSK,20140407,14.60,15.00,14.10,14.70,589400,14.60,15.00,14.10,14.70,0,0,0
KSK,20140404,15.00,15.10,14.70,15.00,244400,15.00,15.10,14.70,15.00,0,0,0
KSK,20140403,14.70,15.10,14.50,15.00,209000,14.70,15.10,14.50,15.00,0,0,0
KSK,20140402,15.10,15.10,14.00,14.70,467900,15.10,15.10,14.00,14.70,0,0,0
KSK,20140401,14.90,15.80,14.80,15.30,347100,14.90,15.80,14.80,15.30,0,0,0
KSK,20140331,15.00,15.20,14.40,14.40,378200,15.00,15.20,14.40,14.40,0,300,0
KSK,20140328,15.40,16.60,14.40,15.00,478900,15.40,16.60,14.40,15.00,0,300,0
KSK,20140327,15.30,15.30,14.60,15.10,392500,15.30,15.30,14.60,15.10,0,0,0
KSK,20140326,15.20,15.30,14.90,15.30,266830,15.20,15.30,14.90,15.30,0,400,0
KSK,20140325,15.70,15.90,15.10,15.10,374800,15.70,15.90,15.10,15.10,0,500,0
KSK,20140324,16.10,16.30,15.20,16.10,507100,16.10,16.30,15.20,16.10,0,500,0
KSK,20140321,15.60,16.20,15.40,16.10,319400,15.60,16.20,15.40,16.10,0,0,0
KSK,20140320,15.80,15.90,15.40,15.60,270600,15.80,15.90,15.40,15.60,0,0,0
KSK,20140319,16.30,16.30,15.30,15.80,389500,16.30,16.30,15.30,15.80,0,1000,0
KSK,20140318,16.80,16.80,16.10,16.30,500400,16.80,16.80,16.10,16.30,0,1000,0
KSK,20140317,16.30,17.00,16.20,16.80,301800,16.30,17.00,16.20,16.80,0,0,2000
KSK,20140314,15.30,16.80,15.30,16.70,561740,15.30,16.80,15.30,16.70,0,0,0
KSK,20140313,16.90,16.90,15.30,15.30,732100,16.90,16.90,15.30,15.30,0,0,0
KSK,20140312,17.60,17.60,16.30,16.90,541000,17.60,17.60,16.30,16.90,0,0,0
KSK,20140311,17.20,18.00,16.10,17.90,854900,17.20,18.00,16.10,17.90,0,2000,0
KSK,20140310,18.00,18.20,17.80,17.80,331200,18.00,18.20,17.80,17.80,0,0,0
KSK,20140307,18.00,18.30,18.00,18.00,378100,18.00,18.30,18.00,18.00,0,0,0
KSK,20140306,19.30,19.30,18.30,18.30,273500,19.30,19.30,18.30,18.30,0,0,0
KSK,20140305,19.00,19.30,18.10,19.10,206600,19.00,19.30,18.10,19.10,0,0,0
KSK,20140304,19.10,19.90,18.70,19.90,90500,19.10,19.90,18.70,19.90,0,0,0
KSK,20140303,19.90,20.00,19.70,19.70,409200,19.90,20.00,19.70,19.70,0,0,0
KSK,20140228,19.40,20.20,19.30,20.20,570700,19.40,20.20,19.30,20.20,0,0,0
KSK,20140227,19.50,21.20,19.40,19.80,464400,19.50,21.20,19.40,19.80,0,0,0
KSK,20140226,19.80,20.00,19.80,19.80,324400,19.80,20.00,19.80,19.80,0,0,0
KSK,20140225,19.30,19.80,19.20,19.80,520300,19.30,19.80,19.20,19.80,0,0,0
KSK,20140224,20.60,20.60,17.80,20.20,358800,20.60,20.60,17.80,20.20,0,0,0
KSK,20140221,18.80,18.80,18.80,18.80,239000,18.80,18.80,18.80,18.80,0,0,0
KSK,20140220,17.10,17.10,17.10,17.10,545000,17.10,17.10,17.10,17.10,0,0,0
KSK,20140219,15.60,15.60,15.00,15.60,415000,15.60,15.60,15.00,15.60,0,0,0
