<Ticker>,<DTYYYYMMDD>,<OpenFixed>,<HighFixed>,<LowFixed>,<CloseFixed>,<Volume>,<Open>,<High>,<Low>,<Close>,<VolumeDeal>,<VolumeFB>,<VolumeFS>
MAFPF1,20071228,10.40,10.40,10.00,10.20,160500,10.40,10.40,10.00,10.20,0,0,0
MAFPF1,20080102,10.10,10.20,10.00,10.00,86930,10.10,10.20,10.00,10.00,0,300,0
MAFPF1,20080103,10.00,10.00,9.80,10.00,35240,10.00,10.00,9.80,10.00,0,300,0
MAFPF1,20080104,9.70,9.90,9.60,9.90,35610,9.70,9.90,9.60,9.90,0,400,0
MAFPF1,20080107,9.50,9.70,9.50,9.50,69250,9.50,9.70,9.50,9.50,0,0,0
MAFPF1,20080108,9.60,9.60,9.50,9.50,21500,9.60,9.60,9.50,9.50,0,3550,0
MAFPF1,20080109,9.60,9.60,9.40,9.40,36110,9.60,9.60,9.40,9.40,0,20000,0
MAFPF1,20080110,9.40,9.40,9.20,9.20,120260,9.40,9.40,9.20,9.20,0,10550,0
MAFPF1,20080111,9.00,9.40,9.00,9.20,26780,9.00,9.40,9.00,9.20,0,0,0
MAFPF1,20080114,9.20,9.30,9.00,9.00,14210,9.20,9.30,9.00,9.00,0,150,0
MAFPF1,20080115,8.90,9.00,8.70,8.70,34470,8.90,9.00,8.70,8.70,0,11000,0
MAFPF1,20080116,8.70,9.10,8.70,9.10,24770,8.70,9.10,8.70,9.10,0,2000,0
MAFPF1,20080117,9.00,9.30,9.00,9.00,30730,9.00,9.30,9.00,9.00,0,0,0
MAFPF1,20080118,9.10,9.10,9.10,9.10,4810,9.10,9.10,9.10,9.10,0,0,0
MAFPF1,20080121,8.90,9.10,8.90,9.00,31790,8.90,9.10,8.90,9.00,0,0,0
MAFPF1,20080122,8.70,8.90,8.60,8.80,23410,8.70,8.90,8.60,8.80,0,1000,0
MAFPF1,20080123,8.50,8.50,8.40,8.50,38270,8.50,8.50,8.40,8.50,0,0,0
MAFPF1,20080124,8.50,8.90,8.50,8.50,63560,8.50,8.90,8.50,8.50,0,0,0
MAFPF1,20080125,8.50,8.80,8.50,8.60,23910,8.50,8.80,8.50,8.60,0,600,0
MAFPF1,20080128,8.40,8.80,8.40,8.60,28200,8.40,8.80,8.40,8.60,0,900,0
MAFPF1,20080129,8.40,8.80,8.40,8.80,50810,8.40,8.80,8.40,8.80,0,2330,1000
MAFPF1,20080130,9.20,9.20,9.00,9.20,48600,9.20,9.20,9.00,9.20,0,0,2000
MAFPF1,20080131,9.40,9.40,9.20,9.40,51000,9.40,9.40,9.20,9.40,0,0,0
MAFPF1,20080201,9.50,9.80,9.40,9.80,48210,9.50,9.80,9.40,9.80,0,400,0
MAFPF1,20080212,9.90,9.90,9.50,9.50,30320,9.90,9.90,9.50,9.50,0,0,0
MAFPF1,20080213,9.10,9.30,9.10,9.10,36110,9.10,9.30,9.10,9.10,0,2000,0
MAFPF1,20080214,8.90,9.30,8.90,9.30,11990,8.90,9.30,8.90,9.30,0,0,0
MAFPF1,20080215,9.30,9.30,9.00,9.20,19800,9.30,9.30,9.00,9.20,0,0,40
MAFPF1,20080218,9.20,9.20,8.80,8.80,68960,9.20,9.20,8.80,8.80,0,0,40
MAFPF1,20080219,8.80,8.90,8.70,8.80,66550,8.80,8.90,8.70,8.80,0,0,0
MAFPF1,20080220,9.00,9.00,8.70,8.80,26800,9.00,9.00,8.70,8.80,0,200,0
MAFPF1,20080221,8.50,8.50,8.40,8.40,68380,8.50,8.50,8.40,8.40,0,200,0
MAFPF1,20080222,8.00,8.50,8.00,8.40,43800,8.00,8.50,8.00,8.40,0,2200,20
MAFPF1,20080225,8.80,8.80,8.70,8.80,83740,8.80,8.80,8.70,8.80,0,0,2000
MAFPF1,20080226,9.00,9.00,8.40,8.40,84330,9.00,9.00,8.40,8.40,0,3500,0
MAFPF1,20080227,8.40,8.70,8.40,8.40,35470,8.40,8.70,8.40,8.40,0,0,0
MAFPF1,20080228,8.70,8.70,8.40,8.60,52450,8.70,8.70,8.40,8.60,0,0,0
MAFPF1,20080229,8.40,8.50,8.30,8.40,19410,8.40,8.50,8.30,8.40,0,0,0
MAFPF1,20080303,8.40,8.40,8.00,8.00,98400,8.40,8.40,8.00,8.00,0,6780,1000
MAFPF1,20080304,7.70,7.70,7.60,7.60,110960,7.70,7.70,7.60,7.60,0,0,0
MAFPF1,20080305,7.30,7.30,7.30,7.30,45580,7.30,7.30,7.30,7.30,0,0,0
MAFPF1,20080306,7.60,7.60,7.60,7.60,37610,7.60,7.60,7.60,7.60,0,0,1000
MAFPF1,20080307,7.90,7.90,7.90,7.90,78600,7.90,7.90,7.90,7.90,0,3100,0
MAFPF1,20080310,8.20,8.20,8.00,8.20,170450,8.20,8.20,8.00,8.20,0,19680,0
MAFPF1,20080311,8.20,8.20,7.90,7.90,46230,8.20,8.20,7.90,7.90,0,1000,0
MAFPF1,20080312,7.70,8.20,7.70,8.00,29120,7.70,8.20,7.70,8.00,0,400,0
MAFPF1,20080313,8.00,8.10,7.90,7.90,26040,8.00,8.10,7.90,7.90,0,0,0
MAFPF1,20080314,7.70,8.00,7.70,7.80,36420,7.70,8.00,7.70,7.80,0,0,0
MAFPF1,20080317,7.60,7.70,7.60,7.70,44860,7.60,7.70,7.60,7.70,0,10960,0
MAFPF1,20080318,7.50,7.50,7.40,7.40,81230,7.50,7.50,7.40,7.40,0,0,0
MAFPF1,20080319,7.40,7.60,7.30,7.30,35720,7.40,7.60,7.30,7.30,0,0,0
MAFPF1,20080320,7.50,7.50,7.30,7.40,24490,7.50,7.50,7.30,7.40,0,0,0
MAFPF1,20080321,7.40,7.40,7.20,7.30,31440,7.40,7.40,7.20,7.30,0,2000,0
MAFPF1,20080324,7.00,7.00,7.00,7.00,68560,7.00,7.00,7.00,7.00,0,20000,0
MAFPF1,20080325,6.70,7.00,6.70,6.70,82560,6.70,7.00,6.70,6.70,0,20000,4000
MAFPF1,20080326,6.90,7.00,6.80,7.00,35700,6.90,7.00,6.80,7.00,0,50,0
MAFPF1,20080327,7.10,7.10,7.10,7.10,10370,7.10,7.10,7.10,7.10,0,0,0
MAFPF1,20080328,7.20,7.20,7.20,7.20,118200,7.20,7.20,7.20,7.20,0,0,0
MAFPF1,20080331,7.30,7.30,7.30,7.30,3880,7.30,7.30,7.30,7.30,0,0,0
MAFPF1,20080401,7.40,7.40,7.40,7.40,10510,7.40,7.40,7.40,7.40,0,0,0
MAFPF1,20080402,7.50,7.50,7.50,7.50,120,7.50,7.50,7.50,7.50,0,0,0
MAFPF1,20080403,7.60,7.60,7.60,7.60,27980,7.60,7.60,7.60,7.60,0,0,0
MAFPF1,20080404,7.70,7.70,7.70,7.70,8380,7.70,7.70,7.70,7.70,0,0,0
MAFPF1,20080407,7.80,7.80,7.80,7.80,27880,7.80,7.80,7.80,7.80,0,0,0
MAFPF1,20080408,7.90,7.90,7.70,7.70,189940,7.90,7.90,7.70,7.70,0,1270,0
MAFPF1,20080409,7.60,7.80,7.60,7.60,212550,7.60,7.80,7.60,7.60,0,0,0
MAFPF1,20080410,7.50,7.60,7.50,7.50,58710,7.50,7.60,7.50,7.50,0,0,0
MAFPF1,20080411,7.40,7.40,7.40,7.40,9480,7.40,7.40,7.40,7.40,0,0,0
MAFPF1,20080416,7.30,7.30,7.30,7.30,2910,7.30,7.30,7.30,7.30,0,0,0
MAFPF1,20080417,7.20,7.30,7.20,7.30,79350,7.20,7.30,7.20,7.30,0,0,0
MAFPF1,20080418,7.30,7.30,7.20,7.20,28810,7.30,7.30,7.20,7.20,0,2000,2300
MAFPF1,20080421,7.10,7.10,7.10,7.10,58320,7.10,7.10,7.10,7.10,0,0,0
MAFPF1,20080422,7.00,7.00,7.00,7.00,63710,7.00,7.00,7.00,7.00,0,1000,0
MAFPF1,20080423,6.90,7.00,6.90,6.90,56650,6.90,7.00,6.90,6.90,0,0,0
MAFPF1,20080424,6.80,6.80,6.80,6.80,8170,6.80,6.80,6.80,6.80,0,10,0
MAFPF1,20080425,6.70,6.90,6.70,6.80,18070,6.70,6.90,6.70,6.80,0,160,0
MAFPF1,20080428,6.80,6.90,6.70,6.90,24830,6.80,6.90,6.70,6.90,0,0,0
MAFPF1,20080429,7.00,7.00,6.80,6.80,26510,7.00,7.00,6.80,6.80,0,500,0
MAFPF1,20080505,6.70,6.70,6.70,6.70,10090,6.70,6.70,6.70,6.70,0,0,0
MAFPF1,20080506,6.60,6.60,6.60,6.60,1820,6.60,6.60,6.60,6.60,0,0,0
MAFPF1,20080507,6.50,6.50,6.50,6.50,10940,6.50,6.50,6.50,6.50,0,0,20
MAFPF1,20080508,6.40,6.40,6.40,6.40,55680,6.40,6.40,6.40,6.40,0,0,0
MAFPF1,20080509,6.30,6.30,6.30,6.30,13290,6.30,6.30,6.30,6.30,0,10010,0
MAFPF1,20080512,6.20,6.20,6.20,6.20,1570,6.20,6.20,6.20,6.20,0,0,0
MAFPF1,20080513,6.10,6.10,6.10,6.10,1120,6.10,6.10,6.10,6.10,0,0,0
MAFPF1,20080514,6.00,6.00,6.00,6.00,260,6.00,6.00,6.00,6.00,0,0,0
MAFPF1,20080515,5.90,5.90,5.90,5.90,3410,5.90,5.90,5.90,5.90,0,0,0
MAFPF1,20080516,5.80,5.80,5.80,5.80,15640,5.80,5.80,5.80,5.80,0,60,0
MAFPF1,20080519,5.70,5.70,5.70,5.70,11170,5.70,5.70,5.70,5.70,0,50,0
MAFPF1,20080520,5.60,5.60,5.60,5.60,6130,5.60,5.60,5.60,5.60,0,50,0
MAFPF1,20080521,5.50,5.50,5.50,5.50,12170,5.50,5.50,5.50,5.50,0,1050,0
MAFPF1,20080522,5.40,5.40,5.40,5.40,10550,5.40,5.40,5.40,5.40,0,0,0
MAFPF1,20080523,5.30,5.30,5.30,5.30,1540,5.30,5.30,5.30,5.30,0,0,0
MAFPF1,20080526,5.20,5.20,5.20,5.20,2010,5.20,5.20,5.20,5.20,0,0,0
MAFPF1,20080530,5.10,5.20,5.10,5.10,23040,5.10,5.20,5.10,5.10,0,10,0
MAFPF1,20080602,5.00,5.00,5.00,5.00,1360,5.00,5.00,5.00,5.00,0,0,0
MAFPF1,20080603,4.90,4.90,4.90,4.90,8050,4.90,4.90,4.90,4.90,0,0,0
MAFPF1,20080604,4.80,4.90,4.80,4.80,9470,4.80,4.90,4.80,4.80,0,0,0
MAFPF1,20080605,4.70,4.90,4.70,4.90,41940,4.70,4.90,4.70,4.90,0,20,0
MAFPF1,20080606,4.80,4.80,4.80,4.80,28560,4.80,4.80,4.80,4.80,0,0,0
MAFPF1,20080609,4.70,4.70,4.70,4.70,2120,4.70,4.70,4.70,4.70,0,0,0
MAFPF1,20080610,4.60,4.80,4.60,4.80,18870,4.60,4.80,4.60,4.80,0,2000,5000
MAFPF1,20080611,4.90,4.90,4.90,4.90,8100,4.90,4.90,4.90,4.90,0,0,0
MAFPF1,20080612,5.00,5.00,5.00,5.00,6660,5.00,5.00,5.00,5.00,0,0,0
MAFPF1,20080613,5.10,5.10,5.10,5.10,3840,5.10,5.10,5.10,5.10,0,0,0
MAFPF1,20080616,5.20,5.20,5.20,5.20,23390,5.20,5.20,5.20,5.20,0,0,0
MAFPF1,20080617,5.30,5.30,5.30,5.30,1130,5.30,5.30,5.30,5.30,0,0,0
MAFPF1,20080618,5.40,5.40,5.20,5.20,93840,5.40,5.40,5.20,5.20,0,2150,0
MAFPF1,20080619,5.10,5.10,5.10,5.10,1150,5.10,5.10,5.10,5.10,0,0,0
MAFPF1,20080620,5.00,5.00,5.00,5.00,8490,5.00,5.00,5.00,5.00,0,0,0
MAFPF1,20080623,4.90,5.10,4.90,5.10,28390,4.90,5.10,4.90,5.10,0,1000,0
MAFPF1,20080624,5.00,5.20,5.00,5.00,86380,5.00,5.20,5.00,5.00,0,0,0
MAFPF1,20080625,4.90,5.10,4.90,5.10,65700,4.90,5.10,4.90,5.10,0,2020,0
MAFPF1,20080626,5.10,5.20,5.00,5.10,40900,5.10,5.20,5.00,5.10,0,50,0
MAFPF1,20080627,5.00,5.20,5.00,5.20,23450,5.00,5.20,5.00,5.20,0,0,0
MAFPF1,20080630,5.20,5.20,5.10,5.10,14530,5.20,5.20,5.10,5.10,0,50,0
MAFPF1,20080701,5.20,5.20,5.10,5.20,119960,5.20,5.20,5.10,5.20,0,1050,0
MAFPF1,20080702,5.30,5.30,5.20,5.30,56790,5.30,5.30,5.20,5.30,0,600,1000
MAFPF1,20080703,5.40,5.40,5.40,5.40,18080,5.40,5.40,5.40,5.40,0,2280,0
MAFPF1,20080704,5.50,5.50,5.50,5.50,81920,5.50,5.50,5.50,5.50,0,55930,0
MAFPF1,20080707,5.60,5.60,5.40,5.40,33470,5.60,5.60,5.40,5.40,0,1200,0
MAFPF1,20080708,5.30,5.40,5.30,5.40,44920,5.30,5.40,5.30,5.40,0,0,200
MAFPF1,20080709,5.30,5.40,5.30,5.40,35220,5.30,5.40,5.30,5.40,0,0,200
MAFPF1,20080710,5.50,5.50,5.30,5.50,30700,5.50,5.50,5.30,5.50,0,0,0
MAFPF1,20080711,5.60,5.60,5.50,5.60,112290,5.60,5.60,5.50,5.60,0,19000,24150
MAFPF1,20080714,5.70,5.70,5.60,5.70,19920,5.70,5.70,5.60,5.70,0,0,200
MAFPF1,20080715,5.80,5.80,5.80,5.80,38660,5.80,5.80,5.80,5.80,0,0,250
MAFPF1,20080716,5.90,5.90,5.70,5.90,48620,5.90,5.90,5.70,5.90,0,2700,200
MAFPF1,20080717,6.00,6.00,5.80,6.00,59260,6.00,6.00,5.80,6.00,0,0,200
MAFPF1,20080718,5.90,5.90,5.90,5.90,16520,5.90,5.90,5.90,5.90,0,0,5000
MAFPF1,20080721,5.80,5.80,5.80,5.80,870,5.80,5.80,5.80,5.80,0,10,0
MAFPF1,20080722,5.70,5.70,5.70,5.70,230,5.70,5.70,5.70,5.70,0,0,0
MAFPF1,20080723,5.60,5.60,5.60,5.60,130,5.60,5.60,5.60,5.60,0,0,60
MAFPF1,20080724,5.50,5.50,5.50,5.50,3610,5.50,5.50,5.50,5.50,0,0,0
MAFPF1,20080725,5.40,5.40,5.40,5.40,60,5.40,5.40,5.40,5.40,0,0,0
MAFPF1,20080728,5.30,5.30,5.30,5.30,53200,5.30,5.30,5.30,5.30,0,0,21980
MAFPF1,20080729,5.20,5.40,5.20,5.20,39040,5.20,5.40,5.20,5.20,0,0,0
MAFPF1,20080730,5.10,5.10,5.10,5.10,6520,5.10,5.10,5.10,5.10,0,0,150
MAFPF1,20080731,5.00,5.00,5.00,5.00,3470,5.00,5.00,5.00,5.00,0,0,0
MAFPF1,20080801,4.90,4.90,4.90,4.90,2070,4.90,4.90,4.90,4.90,0,0,0
MAFPF1,20080804,4.80,4.80,4.80,4.80,4070,4.80,4.80,4.80,4.80,0,0,0
MAFPF1,20080805,4.70,4.70,4.70,4.70,33790,4.70,4.70,4.70,4.70,0,0,0
MAFPF1,20080806,4.60,4.80,4.60,4.80,17220,4.60,4.80,4.60,4.80,0,0,0
MAFPF1,20080807,4.90,4.90,4.80,4.80,23100,4.90,4.90,4.80,4.80,0,0,0
MAFPF1,20080808,4.70,4.90,4.70,4.90,28240,4.70,4.90,4.70,4.90,0,0,0
MAFPF1,20080811,4.80,5.00,4.80,5.00,54080,4.80,5.00,4.80,5.00,0,140,0
MAFPF1,20080812,5.10,5.10,4.90,5.00,26750,5.10,5.10,4.90,5.00,0,10,0
MAFPF1,20080813,4.90,5.00,4.90,5.00,22420,4.90,5.00,4.90,5.00,0,10310,0
MAFPF1,20080814,4.90,5.10,4.90,5.10,53260,4.90,5.10,4.90,5.10,0,0,0
MAFPF1,20080815,5.20,5.20,5.20,5.20,57850,5.20,5.20,5.20,5.20,0,500,0
MAFPF1,20080818,5.30,5.40,5.20,5.40,87530,5.30,5.40,5.20,5.40,0,4000,0
MAFPF1,20080819,5.60,5.60,5.20,5.20,74010,5.60,5.60,5.20,5.20,0,0,0
MAFPF1,20080820,5.00,5.30,5.00,5.00,28140,5.00,5.30,5.00,5.00,0,0,0
MAFPF1,20080821,4.90,5.20,4.90,5.00,21240,4.90,5.20,4.90,5.00,0,0,0
MAFPF1,20080822,5.00,5.20,5.00,5.10,9880,5.00,5.20,5.00,5.10,0,10,0
MAFPF1,20080825,5.30,5.30,5.30,5.30,62970,5.30,5.30,5.30,5.30,0,5000,0
MAFPF1,20080826,5.50,5.50,5.50,5.50,90850,5.50,5.50,5.50,5.50,0,5000,0
MAFPF1,20080827,5.30,5.70,5.30,5.60,91540,5.30,5.70,5.30,5.60,0,10,0
MAFPF1,20080828,5.60,5.70,5.40,5.40,29710,5.60,5.70,5.40,5.40,0,20,0
MAFPF1,20080829,5.20,5.60,5.20,5.20,71970,5.20,5.60,5.20,5.20,0,0,0
MAFPF1,20080903,5.20,5.40,5.20,5.40,48390,5.20,5.40,5.20,5.40,0,100,0
MAFPF1,20080904,5.50,5.50,5.30,5.50,49570,5.50,5.50,5.30,5.50,0,0,0
MAFPF1,20080905,5.30,5.50,5.30,5.30,95970,5.30,5.50,5.30,5.30,0,0,0
MAFPF1,20080908,5.10,5.40,5.10,5.40,114440,5.10,5.40,5.10,5.40,0,0,60
MAFPF1,20080909,5.20,5.60,5.20,5.40,80920,5.20,5.60,5.20,5.40,0,0,0
MAFPF1,20080910,5.20,5.50,5.20,5.20,77170,5.20,5.50,5.20,5.20,0,0,100
MAFPF1,20080911,5.00,5.30,5.00,5.30,61200,5.00,5.30,5.00,5.30,0,0,0
MAFPF1,20080912,5.30,5.30,5.10,5.10,32940,5.30,5.30,5.10,5.10,0,0,0
MAFPF1,20080915,5.00,5.30,5.00,5.20,45110,5.00,5.30,5.00,5.20,0,0,0
MAFPF1,20080916,5.00,5.10,5.00,5.00,26850,5.00,5.10,5.00,5.00,0,0,0
MAFPF1,20080917,4.80,5.00,4.80,4.80,27610,4.80,5.00,4.80,4.80,0,0,0
MAFPF1,20080918,4.60,4.60,4.60,4.60,16610,4.60,4.60,4.60,4.60,0,0,0
MAFPF1,20080919,4.40,4.80,4.40,4.80,36070,4.40,4.80,4.40,4.80,0,0,0
MAFPF1,20080922,5.00,5.00,5.00,5.00,23740,5.00,5.00,5.00,5.00,0,0,0
MAFPF1,20080923,4.80,4.90,4.80,4.90,46240,4.80,4.90,4.80,4.90,0,0,0
MAFPF1,20080924,4.80,4.90,4.80,4.80,16390,4.80,4.90,4.80,4.80,0,0,0
MAFPF1,20080925,4.60,4.90,4.60,4.90,15170,4.60,4.90,4.60,4.90,0,10,0
MAFPF1,20080926,4.90,5.00,4.70,5.00,34780,4.90,5.00,4.70,5.00,0,0,0
MAFPF1,20080929,4.80,5.00,4.80,4.80,18940,4.80,5.00,4.80,4.80,0,0,0
MAFPF1,20080930,4.60,4.60,4.60,4.60,2510,4.60,4.60,4.60,4.60,0,0,0
MAFPF1,20081001,4.80,4.80,4.70,4.80,18270,4.80,4.80,4.70,4.80,0,30,0
MAFPF1,20081002,4.80,4.90,4.60,4.90,13350,4.80,4.90,4.60,4.90,0,0,0
MAFPF1,20081003,4.70,4.80,4.70,4.70,13720,4.70,4.80,4.70,4.70,0,0,0
MAFPF1,20081006,4.70,4.70,4.50,4.50,26000,4.70,4.70,4.50,4.50,0,0,0
MAFPF1,20081007,4.30,4.70,4.30,4.70,12950,4.30,4.70,4.30,4.70,0,0,0
MAFPF1,20081008,4.50,4.70,4.50,4.70,5110,4.50,4.70,4.50,4.70,0,0,0
MAFPF1,20081009,4.50,4.60,4.50,4.60,6750,4.50,4.60,4.50,4.60,0,0,0
MAFPF1,20081010,4.40,4.60,4.40,4.60,13010,4.40,4.60,4.40,4.60,0,0,1730
MAFPF1,20081013,4.40,4.70,4.40,4.70,18460,4.40,4.70,4.40,4.70,0,0,0
MAFPF1,20081014,4.90,4.90,4.90,4.90,43410,4.90,4.90,4.90,4.90,0,0,0
MAFPF1,20081015,4.70,5.00,4.70,5.00,24460,4.70,5.00,4.70,5.00,0,0,0
MAFPF1,20081016,5.00,5.00,4.80,4.80,2030,5.00,5.00,4.80,4.80,0,0,0
MAFPF1,20081017,4.60,4.80,4.60,4.80,27650,4.60,4.80,4.60,4.80,0,0,0
MAFPF1,20081020,4.60,4.60,4.60,4.60,1970,4.60,4.60,4.60,4.60,0,0,0
MAFPF1,20081021,4.50,4.70,4.40,4.70,56020,4.50,4.70,4.40,4.70,0,0,0
MAFPF1,20081022,4.50,4.70,4.50,4.70,20040,4.50,4.70,4.50,4.70,0,0,0
MAFPF1,20081023,4.50,4.50,4.50,4.50,2140,4.50,4.50,4.50,4.50,0,0,0
MAFPF1,20081024,4.30,4.40,4.30,4.30,15780,4.30,4.40,4.30,4.30,0,0,0
MAFPF1,20081027,4.10,4.20,4.10,4.10,22940,4.10,4.20,4.10,4.10,0,0,0
MAFPF1,20081028,3.90,4.10,3.90,4.10,29890,3.90,4.10,3.90,4.10,0,0,0
MAFPF1,20081029,4.30,4.30,4.10,4.30,14120,4.30,4.30,4.10,4.30,0,10,0
MAFPF1,20081030,4.10,4.50,4.10,4.50,28420,4.10,4.50,4.10,4.50,0,0,0
MAFPF1,20081031,4.50,4.60,4.40,4.60,18190,4.50,4.60,4.40,4.60,0,0,0
MAFPF1,20081103,4.50,4.50,4.40,4.40,420,4.50,4.50,4.40,4.40,0,0,0
MAFPF1,20081104,4.20,4.40,4.20,4.40,48530,4.20,4.40,4.20,4.40,0,0,0
MAFPF1,20081105,4.50,4.50,4.20,4.40,28880,4.50,4.50,4.20,4.40,0,0,0
MAFPF1,20081106,4.20,4.30,4.20,4.30,16840,4.20,4.30,4.20,4.30,0,0,0
MAFPF1,20081107,4.10,4.30,4.10,4.30,15920,4.10,4.30,4.10,4.30,0,0,0
MAFPF1,20081110,4.10,4.40,4.10,4.40,46030,4.10,4.40,4.10,4.40,0,0,0
MAFPF1,20081111,4.20,4.30,4.20,4.30,11460,4.20,4.30,4.20,4.30,0,0,0
MAFPF1,20081112,4.10,4.30,4.10,4.30,19400,4.10,4.30,4.10,4.30,0,0,0
MAFPF1,20081113,4.10,4.30,4.10,4.30,7840,4.10,4.30,4.10,4.30,0,0,0
MAFPF1,20081114,4.20,4.30,4.10,4.10,35240,4.20,4.30,4.10,4.10,0,0,0
MAFPF1,20081117,3.90,4.20,3.90,4.20,41820,3.90,4.20,3.90,4.20,0,0,0
MAFPF1,20081118,4.10,4.20,4.00,4.20,19960,4.10,4.20,4.00,4.20,0,0,0
MAFPF1,20081119,4.20,4.20,4.00,4.20,22250,4.20,4.20,4.00,4.20,0,0,0
MAFPF1,20081120,4.00,4.10,4.00,4.00,30570,4.00,4.10,4.00,4.00,0,0,0
MAFPF1,20081121,3.80,4.00,3.80,4.00,42120,3.80,4.00,3.80,4.00,0,0,0
MAFPF1,20081124,3.90,4.10,3.80,4.10,59690,3.90,4.10,3.80,4.10,0,0,0
MAFPF1,20081125,4.00,4.10,3.90,3.90,18350,4.00,4.10,3.90,3.90,0,0,0
MAFPF1,20081126,3.80,3.90,3.80,3.90,61630,3.80,3.90,3.80,3.90,0,0,0
MAFPF1,20081127,3.90,3.90,3.80,3.90,12330,3.90,3.90,3.80,3.90,0,0,0
MAFPF1,20081128,3.90,4.00,3.80,4.00,30590,3.90,4.00,3.80,4.00,0,0,5000
MAFPF1,20081201,3.90,4.00,3.80,4.00,21340,3.90,4.00,3.80,4.00,0,0,5000
MAFPF1,20081202,3.80,4.00,3.80,3.90,19650,3.80,4.00,3.80,3.90,0,200,5000
MAFPF1,20081203,3.90,3.90,3.80,3.90,28630,3.90,3.90,3.80,3.90,0,0,0
MAFPF1,20081204,3.90,3.90,3.80,3.80,17050,3.90,3.90,3.80,3.80,0,0,0
MAFPF1,20081205,3.70,3.90,3.70,3.90,24870,3.70,3.90,3.70,3.90,0,0,0
MAFPF1,20081208,3.80,3.80,3.80,3.80,2370,3.80,3.80,3.80,3.80,0,0,0
MAFPF1,20081209,3.70,3.80,3.70,3.80,39670,3.70,3.80,3.70,3.80,0,0,0
MAFPF1,20081210,3.70,3.80,3.70,3.80,18370,3.70,3.80,3.70,3.80,0,0,0
MAFPF1,20081211,3.70,3.80,3.70,3.80,37940,3.70,3.80,3.70,3.80,0,0,0
MAFPF1,20081212,3.70,3.90,3.70,3.90,34930,3.70,3.90,3.70,3.90,0,150,0
MAFPF1,20081215,3.80,3.80,3.80,3.80,12640,3.80,3.80,3.80,3.80,0,50,0
MAFPF1,20081216,3.70,3.80,3.70,3.70,10470,3.70,3.80,3.70,3.70,0,0,0
MAFPF1,20081217,3.70,3.70,3.60,3.70,21680,3.70,3.70,3.60,3.70,0,0,0
MAFPF1,20081218,3.60,3.60,3.60,3.60,15710,3.60,3.60,3.60,3.60,0,0,100
MAFPF1,20081219,3.50,3.60,3.50,3.60,29360,3.50,3.60,3.50,3.60,0,0,0
MAFPF1,20081222,3.50,3.50,3.50,3.50,19460,3.50,3.50,3.50,3.50,0,0,0
MAFPF1,20081223,3.40,3.60,3.40,3.60,39090,3.40,3.60,3.40,3.60,0,0,90
MAFPF1,20081224,3.50,3.60,3.50,3.60,24330,3.50,3.60,3.50,3.60,0,0,0
MAFPF1,20081225,3.50,3.70,3.50,3.70,57060,3.50,3.70,3.50,3.70,0,0,0
MAFPF1,20081226,3.60,3.70,3.60,3.70,21190,3.60,3.70,3.60,3.70,0,0,0
MAFPF1,20081229,3.60,3.70,3.60,3.70,27180,3.60,3.70,3.60,3.70,0,40,0
MAFPF1,20081230,3.60,3.70,3.60,3.70,29790,3.60,3.70,3.60,3.70,0,0,0
MAFPF1,20081231,3.60,3.70,3.60,3.60,18240,3.60,3.70,3.60,3.60,0,0,0
MAFPF1,20090102,3.70,3.70,3.50,3.60,35020,3.70,3.70,3.50,3.60,0,0,0
MAFPF1,20090105,3.50,3.60,3.50,3.60,49670,3.50,3.60,3.50,3.60,0,0,0
MAFPF1,20090106,3.50,3.60,3.50,3.60,45230,3.50,3.60,3.50,3.60,0,0,0
MAFPF1,20090107,3.70,3.70,3.50,3.60,61310,3.70,3.70,3.50,3.60,0,0,0
MAFPF1,20090108,3.60,3.60,3.50,3.60,36190,3.60,3.60,3.50,3.60,0,0,0
MAFPF1,20090109,3.50,3.60,3.50,3.60,25900,3.50,3.60,3.50,3.60,0,0,0
MAFPF1,20090112,3.50,3.60,3.50,3.60,33970,3.50,3.60,3.50,3.60,0,0,0
MAFPF1,20090113,3.50,3.50,3.50,3.50,24870,3.50,3.50,3.50,3.50,0,0,0
MAFPF1,20090114,3.40,3.50,3.40,3.50,68270,3.40,3.50,3.40,3.50,0,0,0
MAFPF1,20090115,3.40,3.50,3.40,3.40,17930,3.40,3.50,3.40,3.40,0,0,0
MAFPF1,20090116,3.30,3.40,3.30,3.30,17060,3.30,3.40,3.30,3.30,0,0,100
MAFPF1,20090119,3.30,3.30,3.20,3.20,68830,3.30,3.30,3.20,3.20,0,0,0
MAFPF1,20090120,3.10,3.30,3.10,3.30,38140,3.10,3.30,3.10,3.30,0,0,0
MAFPF1,20090121,3.30,3.40,3.20,3.40,12860,3.30,3.40,3.20,3.40,0,0,0
MAFPF1,20090122,3.30,3.50,3.30,3.50,28270,3.30,3.50,3.30,3.50,0,0,0
MAFPF1,20090123,3.40,3.50,3.40,3.40,32110,3.40,3.50,3.40,3.40,0,0,0
MAFPF1,20090202,3.30,3.40,3.30,3.40,19430,3.30,3.40,3.30,3.40,0,0,0
MAFPF1,20090203,3.30,3.40,3.30,3.30,14440,3.30,3.40,3.30,3.30,0,0,0
MAFPF1,20090204,3.20,3.40,3.20,3.40,25950,3.20,3.40,3.20,3.40,0,0,0
MAFPF1,20090205,3.30,3.40,3.30,3.30,2950,3.30,3.40,3.30,3.30,0,0,0
MAFPF1,20090206,3.30,3.40,3.20,3.40,19680,3.30,3.40,3.20,3.40,0,0,0
MAFPF1,20090209,3.30,3.50,3.30,3.50,36480,3.30,3.50,3.30,3.50,0,0,0
MAFPF1,20090210,3.40,3.40,3.40,3.40,2050,3.40,3.40,3.40,3.40,0,0,0
MAFPF1,20090211,3.30,3.30,3.30,3.30,11460,3.30,3.30,3.30,3.30,0,0,0
MAFPF1,20090212,3.30,3.30,3.20,3.30,22790,3.30,3.30,3.20,3.30,0,0,0
MAFPF1,20090213,3.20,3.30,3.20,3.30,65030,3.20,3.30,3.20,3.30,0,0,0
MAFPF1,20090216,3.20,3.20,3.20,3.20,27970,3.20,3.20,3.20,3.20,0,0,0
MAFPF1,20090217,3.10,3.20,3.10,3.10,34420,3.10,3.20,3.10,3.10,0,0,0
MAFPF1,20090218,3.00,3.10,3.00,3.00,39200,3.00,3.10,3.00,3.00,0,0,0
MAFPF1,20090219,3.00,3.00,2.90,2.90,32620,3.00,3.00,2.90,2.90,0,0,14400
MAFPF1,20090220,2.80,2.90,2.80,2.80,71020,2.80,2.90,2.80,2.80,0,0,16600
MAFPF1,20090223,2.80,2.90,2.80,2.80,31180,2.80,2.90,2.80,2.80,0,0,0
MAFPF1,20090224,2.80,2.90,2.80,2.80,25060,2.80,2.90,2.80,2.80,0,0,0
MAFPF1,20090225,2.90,2.90,2.80,2.90,28660,2.90,2.90,2.80,2.90,0,0,0
MAFPF1,20090226,2.90,2.90,2.90,2.90,18830,2.90,2.90,2.90,2.90,0,0,0
MAFPF1,20090227,2.90,3.00,2.90,2.90,22410,2.90,3.00,2.90,2.90,0,0,0
MAFPF1,20090302,2.80,2.90,2.80,2.80,13950,2.80,2.90,2.80,2.80,0,0,0
MAFPF1,20090303,2.80,2.90,2.80,2.80,27450,2.80,2.90,2.80,2.80,0,0,0
MAFPF1,20090304,2.80,2.90,2.70,2.80,27860,2.80,2.90,2.70,2.80,0,0,0
MAFPF1,20090305,2.90,2.90,2.80,2.90,22630,2.90,2.90,2.80,2.90,0,0,0
MAFPF1,20090306,2.90,2.90,2.80,2.80,16360,2.90,2.90,2.80,2.80,0,0,0
MAFPF1,20090309,2.80,2.90,2.80,2.90,3340,2.80,2.90,2.80,2.90,0,200,0
MAFPF1,20090310,2.90,2.90,2.80,2.90,68620,2.90,2.90,2.80,2.90,0,300,0
MAFPF1,20090311,3.00,3.00,2.90,3.00,65910,3.00,3.00,2.90,3.00,0,300,0
MAFPF1,20090312,3.00,3.00,2.90,2.90,18110,3.00,3.00,2.90,2.90,0,0,0
MAFPF1,20090313,2.90,3.00,2.80,2.90,21620,2.90,3.00,2.80,2.90,0,0,0
MAFPF1,20090316,2.90,2.90,2.90,2.90,10250,2.90,2.90,2.90,2.90,0,0,0
MAFPF1,20090317,2.90,3.00,2.90,3.00,25170,2.90,3.00,2.90,3.00,0,0,0
MAFPF1,20090318,3.00,3.10,3.00,3.10,96870,3.00,3.10,3.00,3.10,0,100,0
MAFPF1,20090319,3.10,3.10,3.00,3.00,35740,3.10,3.10,3.00,3.00,0,300,0
MAFPF1,20090320,3.00,3.10,2.90,2.90,11960,3.00,3.10,2.90,2.90,0,0,0
MAFPF1,20090323,3.00,3.00,2.90,2.90,5380,3.00,3.00,2.90,2.90,0,0,0
MAFPF1,20090324,3.00,3.00,2.90,3.00,57850,3.00,3.00,2.90,3.00,0,0,0
MAFPF1,20090325,2.90,3.10,2.90,3.00,32200,2.90,3.10,2.90,3.00,0,0,100
MAFPF1,20090326,3.00,3.10,3.00,3.00,35770,3.00,3.10,3.00,3.00,0,0,0
MAFPF1,20090327,3.00,3.10,3.00,3.00,32270,3.00,3.10,3.00,3.00,0,0,0
MAFPF1,20090330,3.00,3.00,3.00,3.00,35740,3.00,3.00,3.00,3.00,0,0,300
MAFPF1,20090331,3.00,3.00,2.90,3.00,13060,3.00,3.00,2.90,3.00,0,200,0
MAFPF1,20090401,3.00,3.10,3.00,3.10,39200,3.00,3.10,3.00,3.10,0,0,0
MAFPF1,20090402,3.00,3.10,3.00,3.00,38230,3.00,3.10,3.00,3.00,0,0,0
MAFPF1,20090403,3.10,3.10,3.10,3.10,71740,3.10,3.10,3.10,3.10,0,1500,0
MAFPF1,20090407,3.20,3.20,3.10,3.20,95970,3.20,3.20,3.10,3.20,0,50,0
MAFPF1,20090408,3.10,3.30,3.10,3.20,55540,3.10,3.30,3.10,3.20,0,0,0
MAFPF1,20090409,3.20,3.30,3.20,3.30,81830,3.20,3.30,3.20,3.30,0,100,0
MAFPF1,20090410,3.40,3.40,3.40,3.40,125110,3.40,3.40,3.40,3.40,0,0,0
MAFPF1,20090413,3.50,3.50,3.50,3.50,436990,3.50,3.50,3.50,3.50,0,200,0
MAFPF1,20090414,3.60,3.60,3.50,3.60,388780,3.60,3.60,3.50,3.60,0,100,0
MAFPF1,20090415,3.70,3.70,3.50,3.70,212880,3.70,3.70,3.50,3.70,0,0,110
MAFPF1,20090416,3.80,3.80,3.80,3.80,32330,3.80,3.80,3.80,3.80,0,0,0
MAFPF1,20090417,3.90,3.90,3.80,3.90,317130,3.90,3.90,3.80,3.90,0,0,200
MAFPF1,20090420,3.80,3.80,3.80,3.80,92200,3.80,3.80,3.80,3.80,0,0,0
MAFPF1,20090421,3.70,3.70,3.70,3.70,64520,3.70,3.70,3.70,3.70,0,100,0
MAFPF1,20090422,3.70,3.80,3.60,3.60,89970,3.70,3.80,3.60,3.60,0,100,0
MAFPF1,20090423,3.50,3.70,3.50,3.60,51940,3.50,3.70,3.50,3.60,0,100,0
MAFPF1,20090424,3.60,3.60,3.50,3.50,93520,3.60,3.60,3.50,3.50,0,100,0
MAFPF1,20090427,3.40,3.60,3.50,3.60,55590,3.40,3.60,3.50,3.60,0,170,100
MAFPF1,20090428,3.50,3.70,3.50,3.70,41480,3.50,3.70,3.50,3.70,0,100,0
MAFPF1,20090429,3.60,3.70,3.60,3.60,45020,3.60,3.70,3.60,3.60,0,100,0
MAFPF1,20090504,3.70,3.70,3.70,3.70,219240,3.70,3.70,3.70,3.70,0,0,0
MAFPF1,20090505,3.80,3.80,3.80,3.80,168470,3.80,3.80,3.80,3.80,0,110,0
MAFPF1,20090506,3.70,3.80,3.70,3.80,131140,3.70,3.80,3.70,3.80,0,3000,0
MAFPF1,20090507,3.90,3.90,3.80,3.80,153520,3.90,3.90,3.80,3.80,0,0,0
MAFPF1,20090508,3.70,3.80,3.70,3.70,172750,3.70,3.80,3.70,3.70,0,0,0
MAFPF1,20090511,3.60,3.70,3.60,3.70,80300,3.60,3.70,3.60,3.70,0,30,0
MAFPF1,20090512,3.60,3.80,3.60,3.70,173100,3.60,3.80,3.60,3.70,0,0,0
MAFPF1,20090513,3.70,3.80,3.60,3.80,125700,3.70,3.80,3.60,3.80,0,100,0
MAFPF1,20090514,3.70,3.80,3.70,3.70,66650,3.70,3.80,3.70,3.70,0,0,0
MAFPF1,20090515,3.70,3.70,3.60,3.70,94230,3.70,3.70,3.60,3.70,0,0,0
MAFPF1,20090518,3.70,3.80,3.70,3.70,66200,3.70,3.80,3.70,3.70,0,100,0
MAFPF1,20090519,3.80,3.80,3.70,3.80,348780,3.80,3.80,3.70,3.80,0,100,0
MAFPF1,20090520,3.80,3.90,3.80,3.90,177420,3.80,3.90,3.80,3.90,0,300,0
MAFPF1,20090521,3.90,4.00,3.80,4.00,214150,3.90,4.00,3.80,4.00,0,0,0
MAFPF1,20090522,3.80,4.00,3.80,3.80,232040,3.80,4.00,3.80,3.80,0,0,0
MAFPF1,20090525,3.90,3.90,3.80,3.90,55080,3.90,3.90,3.80,3.90,0,1800,0
MAFPF1,20090526,3.90,4.00,3.80,3.90,93400,3.90,4.00,3.80,3.90,0,0,0
MAFPF1,20090527,3.90,3.90,3.80,3.80,88000,3.90,3.90,3.80,3.80,0,0,0
MAFPF1,20090528,3.70,3.80,3.70,3.70,109700,3.70,3.80,3.70,3.70,0,0,0
MAFPF1,20090529,3.70,3.80,3.70,3.70,98020,3.70,3.80,3.70,3.70,0,0,0
MAFPF1,20090601,3.80,3.80,3.80,3.80,47710,3.80,3.80,3.80,3.80,0,0,0
MAFPF1,20090602,3.90,3.90,3.80,3.80,100710,3.90,3.90,3.80,3.80,0,0,0
MAFPF1,20090603,3.80,3.90,3.70,3.90,57930,3.80,3.90,3.70,3.90,0,0,0
MAFPF1,20090604,3.90,4.00,3.90,4.00,212600,3.90,4.00,3.90,4.00,0,2000,0
MAFPF1,20090605,4.20,4.20,4.10,4.20,261020,4.20,4.20,4.10,4.20,0,200,0
MAFPF1,20090608,4.40,4.40,4.40,4.40,82970,4.40,4.40,4.40,4.40,0,0,1000
MAFPF1,20090609,4.60,4.60,4.60,4.60,346600,4.60,4.60,4.60,4.60,0,100,2500
MAFPF1,20090610,4.80,4.80,4.60,4.80,488110,4.80,4.80,4.60,4.80,0,2610,0
MAFPF1,20090611,5.00,5.00,5.00,5.00,206530,5.00,5.00,5.00,5.00,0,400,3000
MAFPF1,20090612,5.20,5.20,5.20,5.20,72830,5.20,5.20,5.20,5.20,0,0,0
MAFPF1,20090615,5.40,5.40,5.40,5.40,80380,5.40,5.40,5.40,5.40,0,0,0
MAFPF1,20090616,5.60,5.60,5.60,5.60,350800,5.60,5.60,5.60,5.60,0,100,0
MAFPF1,20090617,5.80,5.80,5.40,5.70,679590,5.80,5.80,5.40,5.70,0,4700,7100
MAFPF1,20090618,5.90,5.90,5.80,5.90,470530,5.90,5.90,5.80,5.90,0,1600,0
MAFPF1,20090619,6.10,6.10,5.80,6.00,299160,6.10,6.10,5.80,6.00,0,1590,0
MAFPF1,20090622,5.70,5.70,5.70,5.70,35540,5.70,5.70,5.70,5.70,0,100,0
MAFPF1,20090623,5.50,5.50,5.50,5.50,14720,5.50,5.50,5.50,5.50,0,100,0
MAFPF1,20090624,5.30,5.70,5.30,5.60,493810,5.30,5.70,5.30,5.60,0,100,0
MAFPF1,20090625,5.50,5.60,5.40,5.40,89290,5.50,5.60,5.40,5.40,0,100,0
MAFPF1,20090626,5.20,5.30,5.20,5.20,165890,5.20,5.30,5.20,5.20,0,100,0
MAFPF1,20090629,5.10,5.20,5.00,5.00,56990,5.10,5.20,5.00,5.00,0,310,0
MAFPF1,20090630,4.90,4.90,4.80,4.80,52050,4.90,4.90,4.80,4.80,0,100,0
MAFPF1,20090701,4.60,4.60,4.60,4.60,53680,4.60,4.60,4.60,4.60,0,100,0
MAFPF1,20090702,4.40,4.60,4.40,4.40,205520,4.40,4.60,4.40,4.40,0,0,0
MAFPF1,20090703,4.20,4.40,4.20,4.40,74820,4.20,4.40,4.20,4.40,0,100,0
MAFPF1,20090706,4.50,4.60,4.50,4.60,182080,4.50,4.60,4.50,4.60,0,200,0
MAFPF1,20090707,4.70,4.80,4.60,4.80,75160,4.70,4.80,4.60,4.80,0,0,0
MAFPF1,20090708,4.70,4.70,4.60,4.60,115790,4.70,4.70,4.60,4.60,0,100,0
MAFPF1,20090709,4.40,4.60,4.40,4.60,53030,4.40,4.60,4.40,4.60,0,0,4000
MAFPF1,20090710,4.60,4.60,4.40,4.50,77720,4.60,4.60,4.40,4.50,0,900,0
MAFPF1,20090713,4.50,4.50,4.30,4.30,89840,4.50,4.50,4.30,4.30,0,3000,0
MAFPF1,20090714,4.30,4.30,4.10,4.30,78900,4.30,4.30,4.10,4.30,0,0,0
MAFPF1,20090715,4.40,4.40,4.20,4.20,39690,4.40,4.40,4.20,4.20,0,200,0
MAFPF1,20090716,4.40,4.40,4.30,4.40,131250,4.40,4.40,4.30,4.40,0,0,0
MAFPF1,20090717,4.60,4.60,4.40,4.40,42310,4.60,4.60,4.40,4.40,0,0,0
MAFPF1,20090720,4.30,4.40,4.20,4.20,18880,4.30,4.40,4.20,4.20,0,100,0
MAFPF1,20090721,4.20,4.40,4.20,4.40,16370,4.20,4.40,4.20,4.40,0,0,0
MAFPF1,20090722,4.30,4.40,4.30,4.40,26140,4.30,4.40,4.30,4.40,0,0,0
MAFPF1,20090723,4.30,4.50,4.30,4.50,33990,4.30,4.50,4.30,4.50,0,100,0
MAFPF1,20090724,4.70,4.70,4.70,4.70,105650,4.70,4.70,4.70,4.70,0,100,0
MAFPF1,20090727,4.80,4.80,4.60,4.70,103570,4.80,4.80,4.60,4.70,0,200,0
MAFPF1,20090728,4.70,4.70,4.50,4.50,98390,4.70,4.70,4.50,4.50,0,100,0
MAFPF1,20090729,4.60,4.60,4.30,4.50,51850,4.60,4.60,4.30,4.50,0,0,0
MAFPF1,20090730,4.30,4.60,4.30,4.60,73300,4.30,4.60,4.30,4.60,0,0,0
MAFPF1,20090731,4.50,4.60,4.50,4.60,45980,4.50,4.60,4.50,4.60,0,0,0
MAFPF1,20090803,4.50,4.60,4.50,4.50,21780,4.50,4.60,4.50,4.50,0,0,0
MAFPF1,20090804,4.50,4.60,4.50,4.50,48680,4.50,4.60,4.50,4.50,0,0,0
MAFPF1,20090805,4.50,4.50,4.40,4.50,83130,4.50,4.50,4.40,4.50,0,0,0
MAFPF1,20090806,4.50,4.60,4.40,4.50,76830,4.50,4.60,4.40,4.50,0,100,0
MAFPF1,20090807,4.50,4.50,4.40,4.50,25260,4.50,4.50,4.40,4.50,0,0,0
MAFPF1,20090810,4.50,4.70,4.40,4.70,119200,4.50,4.70,4.40,4.70,0,0,0
MAFPF1,20090811,4.60,4.70,4.60,4.60,46940,4.60,4.70,4.60,4.60,0,0,0
MAFPF1,20090812,4.70,4.80,4.70,4.80,330780,4.70,4.80,4.70,4.80,0,5000,0
MAFPF1,20090813,5.00,5.00,4.90,5.00,175540,5.00,5.00,4.90,5.00,0,3500,0
MAFPF1,20090814,4.80,5.00,4.80,4.80,117150,4.80,5.00,4.80,4.80,0,0,0
MAFPF1,20090817,4.80,4.90,4.70,4.70,29830,4.80,4.90,4.70,4.70,0,0,0
MAFPF1,20090818,4.60,4.70,4.60,4.70,53450,4.60,4.70,4.60,4.70,0,0,0
MAFPF1,20090819,4.70,4.80,4.70,4.70,163980,4.70,4.80,4.70,4.70,0,0,0
MAFPF1,20090820,4.70,4.80,4.60,4.70,126490,4.70,4.80,4.60,4.70,0,0,0
MAFPF1,20090821,4.80,4.90,4.70,4.80,119740,4.80,4.90,4.70,4.80,0,4100,0
MAFPF1,20090824,4.90,4.90,4.80,4.90,68510,4.90,4.90,4.80,4.90,0,100,0
MAFPF1,20090825,4.80,4.90,4.70,4.90,121610,4.80,4.90,4.70,4.90,0,0,0
MAFPF1,20090826,4.90,4.90,4.80,4.80,95900,4.90,4.90,4.80,4.80,0,0,0
MAFPF1,20090827,4.70,4.90,4.70,4.80,49920,4.70,4.90,4.70,4.80,0,100,0
MAFPF1,20090828,4.80,4.90,4.80,4.90,57060,4.80,4.90,4.80,4.90,0,0,0
MAFPF1,20090831,4.90,5.00,4.90,5.00,57860,4.90,5.00,4.90,5.00,0,100,0
MAFPF1,20090901,4.90,5.00,4.80,4.90,63500,4.90,5.00,4.80,4.90,0,0,0
MAFPF1,20090903,4.80,4.90,4.70,4.80,134720,4.80,4.90,4.70,4.80,0,0,0
MAFPF1,20090904,4.80,4.90,4.70,4.80,74230,4.80,4.90,4.70,4.80,0,0,0
MAFPF1,20090907,4.70,4.70,4.60,4.60,59170,4.70,4.70,4.60,4.60,0,0,100
MAFPF1,20090908,4.70,4.80,4.70,4.80,74230,4.70,4.80,4.70,4.80,0,0,0
MAFPF1,20090909,4.90,4.90,4.80,4.90,99990,4.90,4.90,4.80,4.90,0,100,0
MAFPF1,20090910,4.70,4.90,4.70,4.80,45850,4.70,4.90,4.70,4.80,0,100,0
MAFPF1,20090911,4.80,4.90,4.80,4.80,54860,4.80,4.90,4.80,4.80,0,100,0
MAFPF1,20090914,4.80,4.90,4.70,4.70,123550,4.80,4.90,4.70,4.70,0,100,0
MAFPF1,20090915,4.80,4.80,4.60,4.60,75440,4.80,4.80,4.60,4.60,0,0,0
MAFPF1,20090916,4.70,4.80,4.70,4.70,62870,4.70,4.80,4.70,4.70,0,0,0
MAFPF1,20090917,4.70,4.80,4.70,4.70,41770,4.70,4.80,4.70,4.70,0,500,0
MAFPF1,20090918,4.70,4.80,4.60,4.70,60050,4.70,4.80,4.60,4.70,0,0,0
MAFPF1,20090921,4.70,4.80,4.70,4.80,102190,4.70,4.80,4.70,4.80,0,0,0
MAFPF1,20090922,4.70,4.80,4.60,4.70,65250,4.70,4.80,4.60,4.70,0,200,0
MAFPF1,20090923,4.90,4.90,4.90,4.90,281830,4.90,4.90,4.90,4.90,0,200,14100
MAFPF1,20090924,4.90,4.90,4.70,4.80,123680,4.90,4.90,4.70,4.80,0,100,0
MAFPF1,20090925,4.80,4.90,4.70,4.80,82740,4.80,4.90,4.70,4.80,0,0,0
MAFPF1,20090928,4.80,4.90,4.70,4.70,114360,4.80,4.90,4.70,4.70,0,0,0
MAFPF1,20090929,4.70,4.80,4.70,4.80,116680,4.70,4.80,4.70,4.80,0,0,0
MAFPF1,20090930,4.80,4.90,4.80,4.80,107910,4.80,4.90,4.80,4.80,0,0,0
MAFPF1,20091001,4.80,4.80,4.70,4.80,101150,4.80,4.80,4.70,4.80,0,0,0
MAFPF1,20091002,4.70,4.70,4.60,4.60,285060,4.70,4.70,4.60,4.60,0,0,0
MAFPF1,20091005,4.60,4.70,4.60,4.70,64120,4.60,4.70,4.60,4.70,0,0,3000
MAFPF1,20091006,4.70,4.70,4.60,4.70,67810,4.70,4.70,4.60,4.70,0,0,0
MAFPF1,20091007,4.70,4.90,4.60,4.80,164870,4.70,4.90,4.60,4.80,0,0,0
MAFPF1,20091008,4.70,4.80,4.70,4.70,16930,4.70,4.80,4.70,4.70,0,80,0
MAFPF1,20091009,4.70,4.80,4.70,4.80,183490,4.70,4.80,4.70,4.80,0,0,0
MAFPF1,20091012,4.90,5.00,4.90,5.00,262200,4.90,5.00,4.90,5.00,0,3200,0
MAFPF1,20091013,5.00,5.00,4.90,4.90,142780,5.00,5.00,4.90,4.90,0,0,1690
MAFPF1,20091014,4.90,5.00,4.90,5.00,211220,4.90,5.00,4.90,5.00,0,300,0
MAFPF1,20091015,5.20,5.20,5.10,5.20,326380,5.20,5.20,5.10,5.20,0,200,0
MAFPF1,20091016,5.40,5.40,5.40,5.40,266540,5.40,5.40,5.40,5.40,0,0,0
MAFPF1,20091019,5.50,5.60,5.50,5.60,354750,5.50,5.60,5.50,5.60,0,1000,0
MAFPF1,20091020,5.70,5.80,5.70,5.80,232720,5.70,5.80,5.70,5.80,0,82290,300
MAFPF1,20091021,6.00,6.00,5.90,6.00,234280,6.00,6.00,5.90,6.00,0,160,0
MAFPF1,20091022,6.30,6.30,6.30,6.30,166980,6.30,6.30,6.30,6.30,0,0,0
MAFPF1,20091023,6.60,6.60,6.60,6.60,361730,6.60,6.60,6.60,6.60,0,0,0
MAFPF1,20091026,6.30,6.50,6.30,6.30,460850,6.30,6.50,6.30,6.30,0,0,0
MAFPF1,20091027,6.00,6.10,6.00,6.00,204840,6.00,6.10,6.00,6.00,0,0,0
MAFPF1,20091028,6.00,6.30,5.90,6.30,133970,6.00,6.30,5.90,6.30,0,0,0
MAFPF1,20091029,6.00,6.10,6.00,6.00,121740,6.00,6.10,6.00,6.00,0,0,0
MAFPF1,20091030,6.20,6.20,6.00,6.20,104300,6.20,6.20,6.00,6.20,0,0,0
MAFPF1,20091102,5.90,6.00,5.90,5.90,99050,5.90,6.00,5.90,5.90,0,140,500
MAFPF1,20091103,5.70,5.70,5.70,5.70,71340,5.70,5.70,5.70,5.70,0,300,0
MAFPF1,20091104,5.50,5.90,5.50,5.90,124760,5.50,5.90,5.50,5.90,0,0,0
MAFPF1,20091105,6.00,6.10,6.00,6.10,94000,6.00,6.10,6.00,6.10,0,0,0
MAFPF1,20091106,6.20,6.30,6.10,6.30,97970,6.20,6.30,6.10,6.30,0,5000,300
MAFPF1,20091109,6.00,6.20,6.00,6.00,62120,6.00,6.20,6.00,6.00,0,0,0
MAFPF1,20091110,5.90,6.00,5.70,5.70,26070,5.90,6.00,5.70,5.70,0,0,0
MAFPF1,20091111,5.80,5.80,5.60,5.80,29120,5.80,5.80,5.60,5.80,0,0,0
MAFPF1,20091112,5.90,6.00,5.80,6.00,63240,5.90,6.00,5.80,6.00,0,0,500
MAFPF1,20091113,6.00,6.00,5.90,6.00,78530,6.00,6.00,5.90,6.00,0,0,0
MAFPF1,20091116,6.00,6.00,5.80,6.00,63050,6.00,6.00,5.80,6.00,0,0,0
MAFPF1,20091117,6.00,6.00,5.80,5.90,38880,6.00,6.00,5.80,5.90,0,0,0
MAFPF1,20091118,5.80,6.10,5.80,6.10,72510,5.80,6.10,5.80,6.10,0,0,0
MAFPF1,20091119,5.90,6.10,5.90,6.10,99090,5.90,6.10,5.90,6.10,0,0,0
MAFPF1,20091120,5.90,6.20,5.90,6.20,69210,5.90,6.20,5.90,6.20,0,0,0
MAFPF1,20091123,6.00,6.20,6.00,6.20,41700,6.00,6.20,6.00,6.20,0,0,0
MAFPF1,20091124,6.10,6.10,5.90,6.10,66700,6.10,6.10,5.90,6.10,0,0,0
MAFPF1,20091125,6.10,6.10,5.80,6.00,54930,6.10,6.10,5.80,6.00,0,0,0
MAFPF1,20091126,5.70,6.00,5.70,5.70,139440,5.70,6.00,5.70,5.70,0,0,0
MAFPF1,20091127,5.50,5.90,5.50,5.70,76330,5.50,5.90,5.50,5.70,0,0,0
MAFPF1,20091130,5.80,5.90,5.80,5.90,7600,5.80,5.90,5.80,5.90,0,0,0
MAFPF1,20091201,6.00,6.10,6.00,6.10,38460,6.00,6.10,6.00,6.10,0,0,0
MAFPF1,20091202,5.80,6.00,5.80,5.80,35720,5.80,6.00,5.80,5.80,0,0,0
MAFPF1,20091203,5.80,5.90,5.70,5.90,13170,5.80,5.90,5.70,5.90,0,0,0
MAFPF1,20091204,5.90,5.90,5.80,5.90,16280,5.90,5.90,5.80,5.90,0,0,0
MAFPF1,20091207,5.80,6.00,5.80,6.00,28290,5.80,6.00,5.80,6.00,0,0,0
MAFPF1,20091208,6.00,6.00,5.70,5.70,27250,6.00,6.00,5.70,5.70,0,0,0
MAFPF1,20091209,5.50,5.80,5.50,5.70,153880,5.50,5.80,5.50,5.70,0,0,0
MAFPF1,20091210,5.60,5.70,5.50,5.50,60510,5.60,5.70,5.50,5.50,0,0,0
MAFPF1,20091211,5.30,5.70,5.30,5.70,116300,5.30,5.70,5.30,5.70,0,0,0
MAFPF1,20091214,5.50,5.80,5.50,5.70,65820,5.50,5.80,5.50,5.70,0,0,0
MAFPF1,20091215,5.70,5.70,5.50,5.70,63310,5.70,5.70,5.50,5.70,0,0,0
MAFPF1,20091216,5.60,5.70,5.50,5.70,57810,5.60,5.70,5.50,5.70,0,0,0
MAFPF1,20091217,5.50,5.60,5.50,5.50,60790,5.50,5.60,5.50,5.50,0,0,0
MAFPF1,20091218,5.30,5.60,5.30,5.60,98750,5.30,5.60,5.30,5.60,0,0,0
MAFPF1,20091221,5.50,5.70,5.50,5.70,20560,5.50,5.70,5.50,5.70,0,0,0
MAFPF1,20091222,5.70,5.80,5.60,5.70,40570,5.70,5.80,5.60,5.70,0,0,0
MAFPF1,20091223,5.60,5.80,5.60,5.80,35710,5.60,5.80,5.60,5.80,0,0,0
MAFPF1,20091224,5.70,5.80,5.60,5.80,45450,5.70,5.80,5.60,5.80,0,0,0
MAFPF1,20091225,5.80,5.90,5.80,5.90,55660,5.80,5.90,5.80,5.90,0,0,0
MAFPF1,20091228,5.70,5.90,5.70,5.90,66080,5.70,5.90,5.70,5.90,0,0,0
MAFPF1,20091229,5.70,5.90,5.70,5.90,16740,5.70,5.90,5.70,5.90,0,0,0
MAFPF1,20091230,5.90,5.90,5.80,5.90,17290,5.90,5.90,5.80,5.90,0,0,0
MAFPF1,20091231,5.90,5.90,5.70,5.90,31690,5.90,5.90,5.70,5.90,0,0,0
MAFPF1,20100104,5.90,6.10,5.90,6.10,66350,5.90,6.10,5.90,6.10,0,0,250
MAFPF1,20100105,6.10,6.20,6.10,6.20,49830,6.10,6.20,6.10,6.20,0,0,0
MAFPF1,20100106,6.00,6.10,5.90,6.10,22810,6.00,6.10,5.90,6.10,0,0,0
MAFPF1,20100107,6.00,6.10,5.80,6.10,27200,6.00,6.10,5.80,6.10,0,0,0
MAFPF1,20100108,6.00,6.00,5.80,5.80,20260,6.00,6.00,5.80,5.80,0,0,0
MAFPF1,20100111,6.00,6.00,5.70,6.00,40890,6.00,6.00,5.70,6.00,0,0,0
MAFPF1,20100112,5.90,6.00,5.80,6.00,28630,5.90,6.00,5.80,6.00,0,0,0
MAFPF1,20100113,6.00,6.00,5.80,6.00,38940,6.00,6.00,5.80,6.00,0,0,0
MAFPF1,20100114,5.80,5.90,5.80,5.90,25460,5.80,5.90,5.80,5.90,0,0,0
MAFPF1,20100115,5.80,5.90,5.70,5.70,26490,5.80,5.90,5.70,5.70,0,0,0
MAFPF1,20100118,5.60,5.80,5.50,5.80,82750,5.60,5.80,5.50,5.80,0,0,0
MAFPF1,20100119,5.70,5.80,5.70,5.70,11990,5.70,5.80,5.70,5.70,0,0,1000
MAFPF1,20100120,5.80,5.80,5.70,5.80,7400,5.80,5.80,5.70,5.80,0,0,0
MAFPF1,20100121,5.60,5.80,5.60,5.80,16080,5.60,5.80,5.60,5.80,0,0,0
MAFPF1,20100122,5.70,5.80,5.60,5.80,21440,5.70,5.80,5.60,5.80,0,0,0
MAFPF1,20100125,5.70,5.80,5.70,5.80,9190,5.70,5.80,5.70,5.80,0,0,0
MAFPF1,20100126,5.80,5.80,5.70,5.80,12680,5.80,5.80,5.70,5.80,0,2000,0
MAFPF1,20100127,5.80,5.80,5.60,5.80,18060,5.80,5.80,5.60,5.80,0,0,0
MAFPF1,20100128,5.80,5.80,5.60,5.80,13360,5.80,5.80,5.60,5.80,0,0,0
MAFPF1,20100129,5.60,5.80,5.60,5.80,25920,5.60,5.80,5.60,5.80,0,0,0
MAFPF1,20100201,5.70,5.90,5.60,5.90,28850,5.70,5.90,5.60,5.90,0,0,0
MAFPF1,20100202,5.70,5.80,5.70,5.80,18810,5.70,5.80,5.70,5.80,0,0,0
MAFPF1,20100203,5.70,5.70,5.60,5.70,15790,5.70,5.70,5.60,5.70,0,0,0
MAFPF1,20100204,5.60,5.80,5.60,5.80,21840,5.60,5.80,5.60,5.80,0,0,0
MAFPF1,20100205,5.60,5.80,5.60,5.80,39240,5.60,5.80,5.60,5.80,0,0,0
MAFPF1,20100208,5.60,5.80,5.60,5.80,9950,5.60,5.80,5.60,5.80,0,0,0
MAFPF1,20100209,5.60,5.80,5.60,5.80,10250,5.60,5.80,5.60,5.80,0,0,0
MAFPF1,20100210,5.70,5.80,5.70,5.80,3370,5.70,5.80,5.70,5.80,0,0,0
MAFPF1,20100211,5.70,5.80,5.60,5.80,4120,5.70,5.80,5.60,5.80,0,0,250
MAFPF1,20100212,5.80,5.80,5.70,5.80,20830,5.80,5.80,5.70,5.80,0,0,0
MAFPF1,20100222,5.80,5.80,5.60,5.80,10300,5.80,5.80,5.60,5.80,0,0,0
MAFPF1,20100223,5.70,5.80,5.60,5.80,19740,5.70,5.80,5.60,5.80,0,0,0
MAFPF1,20100224,5.70,5.80,5.70,5.80,12100,5.70,5.80,5.70,5.80,0,0,0
MAFPF1,20100225,5.60,5.80,5.60,5.80,31850,5.60,5.80,5.60,5.80,0,0,0
MAFPF1,20100226,5.80,5.80,5.60,5.80,21310,5.80,5.80,5.60,5.80,0,0,0
MAFPF1,20100301,5.70,5.70,5.60,5.70,20350,5.70,5.70,5.60,5.70,0,0,0
MAFPF1,20100302,5.70,5.70,5.60,5.70,9210,5.70,5.70,5.60,5.70,0,0,0
MAFPF1,20100303,5.60,5.80,5.60,5.80,30120,5.60,5.80,5.60,5.80,0,0,0
MAFPF1,20100304,5.80,5.80,5.70,5.80,9420,5.80,5.80,5.70,5.80,0,0,0
MAFPF1,20100305,5.70,5.80,5.60,5.80,12010,5.70,5.80,5.60,5.80,0,0,0
MAFPF1,20100308,5.70,5.90,5.60,5.90,45330,5.70,5.90,5.60,5.90,0,0,0
MAFPF1,20100309,5.80,5.90,5.70,5.90,30460,5.80,5.90,5.70,5.90,0,0,0
MAFPF1,20100310,5.80,5.80,5.70,5.80,25490,5.80,5.80,5.70,5.80,0,0,0
MAFPF1,20100311,5.80,5.80,5.70,5.80,33190,5.80,5.80,5.70,5.80,0,0,0
MAFPF1,20100312,5.80,5.80,5.60,5.80,20940,5.80,5.80,5.60,5.80,0,0,0
MAFPF1,20100315,5.80,5.90,5.80,5.90,16480,5.80,5.90,5.80,5.90,0,0,0
MAFPF1,20100316,5.80,5.80,5.70,5.80,34610,5.80,5.80,5.70,5.80,0,100,27910
MAFPF1,20100317,5.70,5.80,5.60,5.80,43770,5.70,5.80,5.60,5.80,0,0,35000
MAFPF1,20100318,5.60,5.80,5.60,5.70,43020,5.60,5.80,5.60,5.70,0,0,32000
MAFPF1,20100319,5.70,5.80,5.60,5.80,17080,5.70,5.80,5.60,5.80,0,0,0
MAFPF1,20100322,5.60,5.70,5.60,5.70,32650,5.60,5.70,5.60,5.70,0,0,30000
MAFPF1,20100323,5.60,5.70,5.60,5.70,18270,5.60,5.70,5.60,5.70,0,0,15550
MAFPF1,20100324,5.70,5.80,5.70,5.80,19120,5.70,5.80,5.70,5.80,0,0,9540
MAFPF1,20100325,5.80,5.80,5.70,5.70,20870,5.80,5.80,5.70,5.70,0,0,0
MAFPF1,20100326,5.60,5.80,5.60,5.80,29050,5.60,5.80,5.60,5.80,0,0,0
MAFPF1,20100329,5.80,5.80,5.60,5.80,18560,5.80,5.80,5.60,5.80,0,0,0
MAFPF1,20100330,5.60,5.70,5.60,5.70,10330,5.60,5.70,5.60,5.70,0,0,0
MAFPF1,20100331,5.70,5.70,5.60,5.60,4690,5.70,5.70,5.60,5.60,0,0,0
MAFPF1,20100401,5.50,5.60,5.50,5.60,43030,5.50,5.60,5.50,5.60,0,0,0
MAFPF1,20100402,5.70,5.70,5.50,5.70,9670,5.70,5.70,5.50,5.70,0,0,0
MAFPF1,20100405,5.70,5.70,5.70,5.70,12090,5.70,5.70,5.70,5.70,0,0,0
MAFPF1,20100406,5.70,5.70,5.60,5.70,49060,5.70,5.70,5.60,5.70,0,1000,0
MAFPF1,20100407,5.70,5.70,5.60,5.70,6210,5.70,5.70,5.60,5.70,0,0,0
MAFPF1,20100408,5.60,5.70,5.60,5.70,6900,5.60,5.70,5.60,5.70,0,0,0
MAFPF1,20100409,5.60,5.70,5.50,5.60,34470,5.60,5.70,5.50,5.60,0,0,0
MAFPF1,20100412,5.60,5.70,5.60,5.70,23300,5.60,5.70,5.60,5.70,0,0,0
MAFPF1,20100413,5.70,5.70,5.60,5.70,5520,5.70,5.70,5.60,5.70,0,0,0
MAFPF1,20100414,5.60,5.70,5.60,5.70,9090,5.60,5.70,5.60,5.70,0,0,0
MAFPF1,20100415,5.60,5.70,5.50,5.70,25330,5.60,5.70,5.50,5.70,0,0,0
MAFPF1,20100416,5.60,5.60,5.60,5.60,21160,5.60,5.60,5.60,5.60,0,0,0
MAFPF1,20100419,5.60,5.60,5.50,5.60,17500,5.60,5.60,5.50,5.60,0,0,0
MAFPF1,20100420,5.50,5.60,5.50,5.60,14980,5.50,5.60,5.50,5.60,0,0,0
MAFPF1,20100421,5.60,5.60,5.50,5.60,15430,5.60,5.60,5.50,5.60,0,0,0
MAFPF1,20100422,5.60,5.70,5.60,5.60,33280,5.60,5.70,5.60,5.60,0,2000,0
MAFPF1,20100426,5.60,5.60,5.50,5.60,6910,5.60,5.60,5.50,5.60,0,0,0
MAFPF1,20100427,5.50,5.60,5.50,5.60,19030,5.50,5.60,5.50,5.60,0,0,0
MAFPF1,20100428,5.60,5.60,5.50,5.60,15980,5.60,5.60,5.50,5.60,0,0,0
MAFPF1,20100429,5.50,5.60,5.50,5.60,20050,5.50,5.60,5.50,5.60,0,0,0
MAFPF1,20100504,5.50,5.70,5.50,5.70,62790,5.50,5.70,5.50,5.70,0,0,0
MAFPF1,20100505,5.60,5.70,5.60,5.70,46120,5.60,5.70,5.60,5.70,0,0,0
MAFPF1,20100506,5.60,5.70,5.60,5.60,28380,5.60,5.70,5.60,5.60,0,0,0
MAFPF1,20100507,5.60,5.60,5.50,5.60,11620,5.60,5.60,5.50,5.60,0,0,0
MAFPF1,20100510,5.60,5.60,5.50,5.60,16440,5.60,5.60,5.50,5.60,0,0,0
MAFPF1,20100511,5.60,5.60,5.50,5.60,12620,5.60,5.60,5.50,5.60,0,0,0
MAFPF1,20100512,5.60,5.60,5.40,5.50,57040,5.60,5.60,5.40,5.50,0,0,0
MAFPF1,20100513,5.50,5.60,5.50,5.60,14040,5.50,5.60,5.50,5.60,0,0,0
MAFPF1,20100514,5.50,5.60,5.40,5.40,72160,5.50,5.60,5.40,5.40,0,0,0
MAFPF1,20100517,5.40,5.50,5.40,5.50,23200,5.40,5.50,5.40,5.50,0,0,0
MAFPF1,20100518,5.40,5.40,5.30,5.30,43970,5.40,5.40,5.30,5.30,0,0,0
MAFPF1,20100519,5.30,5.50,5.30,5.30,32770,5.30,5.50,5.30,5.30,0,0,0
MAFPF1,20100520,5.30,5.40,5.30,5.40,25070,5.30,5.40,5.30,5.40,0,0,0
MAFPF1,20100521,5.20,5.40,5.20,5.40,13200,5.20,5.40,5.20,5.40,0,0,0
MAFPF1,20100524,5.40,5.40,5.20,5.40,2030,5.40,5.40,5.20,5.40,0,0,0
MAFPF1,20100525,5.20,5.40,5.20,5.30,13610,5.20,5.40,5.20,5.30,0,0,0
MAFPF1,20100526,5.30,5.30,5.20,5.30,3190,5.30,5.30,5.20,5.30,0,0,0
MAFPF1,20100527,5.10,5.40,5.10,5.40,16210,5.10,5.40,5.10,5.40,0,0,0
MAFPF1,20100528,5.30,5.50,5.30,5.50,20770,5.30,5.50,5.30,5.50,0,0,0
MAFPF1,20100531,5.40,5.50,5.30,5.30,7950,5.40,5.50,5.30,5.30,0,0,0
MAFPF1,20100601,5.20,5.50,5.20,5.50,9030,5.20,5.50,5.20,5.50,0,0,0
MAFPF1,20100602,5.40,5.40,5.30,5.40,4090,5.40,5.40,5.30,5.40,0,0,0
MAFPF1,20100603,5.40,5.40,5.20,5.40,3540,5.40,5.40,5.20,5.40,0,0,0
MAFPF1,20100604,5.30,5.30,5.30,5.30,8350,5.30,5.30,5.30,5.30,0,0,0
MAFPF1,20100607,5.20,5.30,5.20,5.30,5250,5.20,5.30,5.20,5.30,0,0,1760
MAFPF1,20100608,5.20,5.30,5.20,5.30,18920,5.20,5.30,5.20,5.30,0,0,0
MAFPF1,20100609,5.30,5.40,5.20,5.40,36290,5.30,5.40,5.20,5.40,0,0,0
MAFPF1,20100610,5.30,5.40,5.30,5.40,7240,5.30,5.40,5.30,5.40,0,0,0
MAFPF1,20100611,5.40,5.40,5.30,5.40,11460,5.40,5.40,5.30,5.40,0,0,0
MAFPF1,20100614,5.30,5.30,5.20,5.20,27910,5.30,5.30,5.20,5.20,0,0,0
MAFPF1,20100615,5.20,5.30,5.20,5.30,4620,5.20,5.30,5.20,5.30,0,0,0
MAFPF1,20100616,5.20,5.30,5.20,5.20,24400,5.20,5.30,5.20,5.20,0,0,0
MAFPF1,20100617,5.20,5.30,5.20,5.30,10190,5.20,5.30,5.20,5.30,0,0,0
MAFPF1,20100618,5.20,5.30,5.10,5.30,12130,5.20,5.30,5.10,5.30,0,0,1000
MAFPF1,20100621,5.30,5.30,5.20,5.30,10210,5.30,5.30,5.20,5.30,0,0,0
MAFPF1,20100622,5.20,5.30,5.20,5.30,7340,5.20,5.30,5.20,5.30,0,0,0
MAFPF1,20100623,5.10,5.30,5.10,5.30,6420,5.10,5.30,5.10,5.30,0,0,0
MAFPF1,20100624,5.20,5.30,5.20,5.20,8580,5.20,5.30,5.20,5.20,0,0,0
MAFPF1,20100625,5.20,5.20,5.00,5.20,19200,5.20,5.20,5.00,5.20,0,0,0
MAFPF1,20100628,5.20,5.30,5.00,5.30,30460,5.20,5.30,5.00,5.30,0,0,0
MAFPF1,20100629,5.30,5.30,5.10,5.10,14500,5.30,5.30,5.10,5.10,0,0,0
MAFPF1,20100630,5.10,5.20,5.10,5.20,10430,5.10,5.20,5.10,5.20,0,0,0
MAFPF1,20100701,5.10,5.10,5.00,5.00,14350,5.10,5.10,5.00,5.00,0,0,0
MAFPF1,20100702,5.10,5.10,5.00,5.10,11630,5.10,5.10,5.00,5.10,0,0,0
MAFPF1,20100705,5.00,5.20,5.00,5.10,17020,5.00,5.20,5.00,5.10,0,0,0
MAFPF1,20100706,5.00,5.10,5.00,5.10,13090,5.00,5.10,5.00,5.10,0,0,0
MAFPF1,20100707,5.10,5.10,5.00,5.10,3460,5.10,5.10,5.00,5.10,0,0,0
MAFPF1,20100708,5.00,5.00,5.00,5.00,12680,5.00,5.00,5.00,5.00,0,0,0
MAFPF1,20100709,4.90,5.00,4.90,5.00,1230,4.90,5.00,4.90,5.00,0,0,0
MAFPF1,20100712,5.00,5.10,4.90,5.10,1040,5.00,5.10,4.90,5.10,0,0,0
MAFPF1,20100713,5.00,5.30,5.00,5.30,16480,5.00,5.30,5.00,5.30,0,0,0
MAFPF1,20100714,5.30,5.30,5.10,5.10,11020,5.30,5.30,5.10,5.10,0,0,0
MAFPF1,20100715,5.00,5.10,5.00,5.10,6310,5.00,5.10,5.00,5.10,0,0,0
MAFPF1,20100716,5.10,5.10,5.00,5.10,18490,5.10,5.10,5.00,5.10,0,0,0
MAFPF1,20100719,5.10,5.10,5.10,5.10,6770,5.10,5.10,5.10,5.10,0,120,0
MAFPF1,20100720,5.00,5.00,4.90,5.00,8720,5.00,5.00,4.90,5.00,0,0,0
MAFPF1,20100721,5.10,5.10,5.00,5.10,5260,5.10,5.10,5.00,5.10,0,0,0
MAFPF1,20100722,5.00,5.10,4.90,5.10,7230,5.00,5.10,4.90,5.10,0,0,0
MAFPF1,20100723,5.00,5.10,5.00,5.10,7440,5.00,5.10,5.00,5.10,0,0,0
MAFPF1,20100726,5.00,5.00,4.90,5.00,24260,5.00,5.00,4.90,5.00,0,0,18080
MAFPF1,20100727,4.90,5.00,4.90,5.00,3090,4.90,5.00,4.90,5.00,0,0,0
MAFPF1,20100728,4.90,5.00,4.90,5.00,9170,4.90,5.00,4.90,5.00,0,0,0
MAFPF1,20100729,4.90,5.00,4.90,4.90,5610,4.90,5.00,4.90,4.90,0,0,0
MAFPF1,20100730,5.00,5.10,5.00,5.10,31260,5.00,5.10,5.00,5.10,0,0,0
MAFPF1,20100802,4.90,5.00,4.90,5.00,9590,4.90,5.00,4.90,5.00,0,0,0
MAFPF1,20100803,4.80,5.10,4.80,5.10,21440,4.80,5.10,4.80,5.10,0,0,0
MAFPF1,20100804,5.10,5.10,4.90,4.90,2810,5.10,5.10,4.90,4.90,0,0,0
MAFPF1,20100805,4.90,5.00,4.90,5.00,3890,4.90,5.00,4.90,5.00,0,0,0
MAFPF1,20100806,4.90,4.90,4.90,4.90,3750,4.90,4.90,4.90,4.90,0,0,0
MAFPF1,20100809,4.90,4.90,4.70,4.80,17990,4.90,4.90,4.70,4.80,0,0,0
MAFPF1,20100810,5.00,5.00,4.60,4.60,19080,5.00,5.00,4.60,4.60,0,0,0
MAFPF1,20100811,4.60,4.80,4.60,4.80,3390,4.60,4.80,4.60,4.80,0,0,0
MAFPF1,20100812,4.70,4.80,4.70,4.80,10060,4.70,4.80,4.70,4.80,0,0,0
MAFPF1,20100813,4.90,4.90,4.80,4.90,1380,4.90,4.90,4.80,4.90,0,0,0
MAFPF1,20100816,4.90,5.00,4.80,5.00,8500,4.90,5.00,4.80,5.00,0,0,0
MAFPF1,20100817,4.90,4.90,4.80,4.80,4780,4.90,4.90,4.80,4.80,0,0,0
MAFPF1,20100818,4.70,4.80,4.70,4.80,3320,4.70,4.80,4.70,4.80,0,0,0
MAFPF1,20100819,4.80,4.80,4.70,4.80,6500,4.80,4.80,4.70,4.80,0,0,0
MAFPF1,20100820,4.80,4.80,4.60,4.80,18940,4.80,4.80,4.60,4.80,0,0,0
MAFPF1,20100823,4.80,4.80,4.60,4.80,9530,4.80,4.80,4.60,4.80,0,0,0
MAFPF1,20100824,4.70,4.70,4.60,4.60,34370,4.70,4.70,4.60,4.60,0,0,0
MAFPF1,20100825,4.60,4.60,4.50,4.60,4180,4.60,4.60,4.50,4.60,0,0,0
MAFPF1,20100826,4.60,4.70,4.60,4.60,6320,4.60,4.70,4.60,4.60,0,0,0
MAFPF1,20100827,4.60,4.60,4.40,4.40,7820,4.60,4.60,4.40,4.40,0,0,0
MAFPF1,20100830,4.40,4.60,4.40,4.50,18960,4.40,4.60,4.40,4.50,0,0,0
MAFPF1,20100831,4.50,4.60,4.50,4.60,3420,4.50,4.60,4.50,4.60,0,0,0
MAFPF1,20100901,4.60,4.60,4.40,4.60,40920,4.60,4.60,4.40,4.60,0,0,0
MAFPF1,20100906,4.60,4.60,4.60,4.60,4190,4.60,4.60,4.60,4.60,0,0,0
MAFPF1,20100907,4.60,4.60,4.40,4.60,3070,4.60,4.60,4.40,4.60,0,0,0
MAFPF1,20100908,4.40,4.60,4.40,4.60,6310,4.40,4.60,4.40,4.60,0,0,0
MAFPF1,20100909,4.60,4.60,4.50,4.50,2260,4.60,4.60,4.50,4.50,0,0,0
MAFPF1,20100910,4.50,4.50,4.50,4.50,4790,4.50,4.50,4.50,4.50,0,0,0
MAFPF1,20100913,4.30,4.60,4.30,4.50,45490,4.30,4.60,4.30,4.50,0,0,0
MAFPF1,20100914,4.50,4.50,4.40,4.40,4900,4.50,4.50,4.40,4.40,0,0,0
MAFPF1,20100915,4.30,4.50,4.30,4.50,3420,4.30,4.50,4.30,4.50,0,0,0
MAFPF1,20100916,4.50,4.60,4.30,4.60,4250,4.50,4.60,4.30,4.60,0,0,0
MAFPF1,20100917,4.50,4.60,4.50,4.60,7310,4.50,4.60,4.50,4.60,0,0,0
MAFPF1,20100920,4.60,4.60,4.50,4.60,1030,4.60,4.60,4.50,4.60,0,0,0
MAFPF1,20100921,4.50,4.60,4.40,4.60,9880,4.50,4.60,4.40,4.60,0,0,0
MAFPF1,20100922,4.60,4.60,4.60,4.60,2520,4.60,4.60,4.60,4.60,0,0,0
MAFPF1,20100923,4.60,4.60,4.50,4.60,3080,4.60,4.60,4.50,4.60,0,0,0
MAFPF1,20100924,4.50,4.50,4.50,4.50,4820,4.50,4.50,4.50,4.50,0,0,0
MAFPF1,20100927,4.60,4.60,4.40,4.50,4880,4.60,4.60,4.40,4.50,0,0,390
MAFPF1,20100928,4.50,4.50,4.50,4.50,1600,4.50,4.50,4.50,4.50,0,0,0
MAFPF1,20100929,4.30,4.60,4.30,4.50,8320,4.30,4.60,4.30,4.50,0,0,0
MAFPF1,20100930,4.50,4.50,4.30,4.40,8540,4.50,4.50,4.30,4.40,0,0,0
MAFPF1,20101001,4.50,4.50,4.40,4.50,2660,4.50,4.50,4.40,4.50,0,0,0
MAFPF1,20101004,4.30,4.50,4.30,4.50,18130,4.30,4.50,4.30,4.50,0,0,0
MAFPF1,20101005,4.50,4.50,4.40,4.50,3830,4.50,4.50,4.40,4.50,0,0,0
MAFPF1,20101006,4.50,4.60,4.50,4.60,2930,4.50,4.60,4.50,4.60,0,0,0
MAFPF1,20101007,4.40,4.60,4.40,4.60,4680,4.40,4.60,4.40,4.60,0,0,0
MAFPF1,20101008,4.40,4.60,4.40,4.50,3960,4.40,4.60,4.40,4.50,0,0,0
MAFPF1,20101011,4.30,4.50,4.30,4.50,17400,4.30,4.50,4.30,4.50,0,0,0
MAFPF1,20101012,4.40,4.40,4.30,4.40,1880,4.40,4.40,4.30,4.40,0,0,1300
MAFPF1,20101013,4.30,4.50,4.20,4.50,4610,4.30,4.50,4.20,4.50,0,0,0
MAFPF1,20101014,4.30,4.50,4.30,4.50,16010,4.30,4.50,4.30,4.50,0,0,2000
MAFPF1,20101015,4.50,4.50,4.30,4.30,2870,4.50,4.50,4.30,4.30,0,0,0
MAFPF1,20101018,4.20,4.40,4.20,4.20,25230,4.20,4.40,4.20,4.20,0,0,0
MAFPF1,20101019,4.40,4.40,4.30,4.30,3260,4.40,4.40,4.30,4.30,0,0,0
MAFPF1,20101020,4.40,4.40,4.30,4.40,11960,4.40,4.40,4.30,4.40,0,0,0
MAFPF1,20101021,4.40,4.40,4.20,4.30,15870,4.40,4.40,4.20,4.30,0,0,0
MAFPF1,20101022,4.30,4.30,4.20,4.20,16990,4.30,4.30,4.20,4.20,0,0,0
MAFPF1,20101025,4.20,4.30,4.00,4.00,24990,4.20,4.30,4.00,4.00,0,0,0
MAFPF1,20101026,4.20,4.20,4.10,4.20,6570,4.20,4.20,4.10,4.20,0,0,0
MAFPF1,20101027,4.20,4.20,4.10,4.20,1350,4.20,4.20,4.10,4.20,0,0,0
MAFPF1,20101028,4.20,4.30,4.20,4.20,10380,4.20,4.30,4.20,4.20,0,0,0
MAFPF1,20101029,4.00,4.20,4.00,4.20,1630,4.00,4.20,4.00,4.20,0,0,0
MAFPF1,20101101,4.20,4.20,4.00,4.00,24670,4.20,4.20,4.00,4.00,0,0,0
MAFPF1,20101102,4.00,4.00,3.90,4.00,11470,4.00,4.00,3.90,4.00,0,0,0
MAFPF1,20101103,4.00,4.00,4.00,4.00,630,4.00,4.00,4.00,4.00,0,200,0
MAFPF1,20101104,4.00,4.10,3.90,4.00,3090,4.00,4.10,3.90,4.00,0,0,0
MAFPF1,20101105,4.00,4.20,4.00,4.00,22160,4.00,4.20,4.00,4.00,0,0,0
MAFPF1,20101108,4.10,4.10,4.00,4.00,20680,4.10,4.10,4.00,4.00,0,0,0
MAFPF1,20101109,3.90,4.00,3.90,4.00,4880,3.90,4.00,3.90,4.00,0,0,0
MAFPF1,20101110,4.00,4.00,3.90,4.00,4150,4.00,4.00,3.90,4.00,0,0,0
MAFPF1,20101111,4.00,4.00,3.80,4.00,20220,4.00,4.00,3.80,4.00,0,0,0
MAFPF1,20101112,4.00,4.00,3.80,3.90,23160,4.00,4.00,3.80,3.90,0,0,0
MAFPF1,20101115,3.90,3.90,3.80,3.80,8000,3.90,3.90,3.80,3.80,0,0,0
MAFPF1,20101116,3.90,3.90,3.90,3.90,3600,3.90,3.90,3.90,3.90,0,0,0
MAFPF1,20101117,4.00,4.00,3.80,3.80,5310,4.00,4.00,3.80,3.80,0,2500,0
MAFPF1,20101118,3.80,3.90,3.80,3.80,3410,3.80,3.90,3.80,3.80,0,0,0
MAFPF1,20101119,3.90,3.90,3.80,3.80,6110,3.90,3.90,3.80,3.80,0,0,2020
MAFPF1,20101122,3.90,3.90,3.80,3.90,8620,3.90,3.90,3.80,3.90,0,1000,0
MAFPF1,20101123,3.90,4.00,3.80,4.00,5440,3.90,4.00,3.80,4.00,0,0,0
MAFPF1,20101124,4.00,4.00,3.90,4.00,5090,4.00,4.00,3.90,4.00,0,0,0
MAFPF1,20101125,3.90,4.10,3.90,4.10,7350,3.90,4.10,3.90,4.10,0,0,0
MAFPF1,20101126,4.10,4.10,4.00,4.10,5770,4.10,4.10,4.00,4.10,0,0,0
MAFPF1,20101129,4.10,4.10,4.00,4.00,2220,4.10,4.10,4.00,4.00,0,0,0
MAFPF1,20101130,4.00,4.10,4.00,4.00,27810,4.00,4.10,4.00,4.00,0,0,0
MAFPF1,20101201,4.10,4.10,3.90,3.90,9920,4.10,4.10,3.90,3.90,0,130,0
MAFPF1,20101202,4.00,4.00,4.00,4.00,13780,4.00,4.00,4.00,4.00,0,0,0
MAFPF1,20101203,4.20,4.20,4.10,4.20,44020,4.20,4.20,4.10,4.20,0,0,0
MAFPF1,20101206,4.30,4.40,4.20,4.40,28980,4.30,4.40,4.20,4.40,0,130,18700
MAFPF1,20101207,4.20,4.50,4.20,4.40,21000,4.20,4.50,4.20,4.40,0,1000,0
MAFPF1,20101208,4.20,4.40,4.20,4.40,16910,4.20,4.40,4.20,4.40,0,0,0
MAFPF1,20101209,4.20,4.40,4.20,4.40,20850,4.20,4.40,4.20,4.40,0,0,0
MAFPF1,20101210,4.40,4.50,4.20,4.50,33750,4.40,4.50,4.20,4.50,0,1500,0
MAFPF1,20101213,4.60,4.70,4.50,4.70,55880,4.60,4.70,4.50,4.70,0,0,0
MAFPF1,20101214,4.50,4.60,4.50,4.60,51270,4.50,4.60,4.50,4.60,0,3000,0
MAFPF1,20101215,4.60,4.60,4.40,4.60,13570,4.60,4.60,4.40,4.60,0,3000,0
MAFPF1,20101216,4.40,4.60,4.40,4.60,6670,4.40,4.60,4.40,4.60,0,0,1500
MAFPF1,20101217,4.40,4.40,4.40,4.40,33780,4.40,4.40,4.40,4.40,0,0,0
MAFPF1,20101220,4.60,4.60,4.40,4.50,5620,4.60,4.60,4.40,4.50,0,0,0
MAFPF1,20101221,4.30,4.50,4.30,4.50,2700,4.30,4.50,4.30,4.50,0,0,0
MAFPF1,20101222,4.50,4.60,4.40,4.60,10640,4.50,4.60,4.40,4.60,0,0,0
MAFPF1,20101223,4.50,4.50,4.40,4.40,21130,4.50,4.50,4.40,4.40,0,0,0
MAFPF1,20101224,4.50,4.50,4.30,4.40,2690,4.50,4.50,4.30,4.40,0,0,0
MAFPF1,20101227,4.40,4.50,4.30,4.50,15150,4.40,4.50,4.30,4.50,0,0,0
MAFPF1,20101228,4.50,4.60,4.30,4.60,5060,4.50,4.60,4.30,4.60,0,0,0
MAFPF1,20101229,4.50,4.60,4.40,4.60,8440,4.50,4.60,4.40,4.60,0,0,0
MAFPF1,20101230,4.60,4.60,4.40,4.50,9260,4.60,4.60,4.40,4.50,0,0,0
MAFPF1,20101231,4.50,4.60,4.40,4.60,8180,4.50,4.60,4.40,4.60,0,0,0
MAFPF1,20110104,4.50,4.60,4.50,4.60,4610,4.50,4.60,4.50,4.60,0,0,0
MAFPF1,20110105,4.50,4.60,4.40,4.50,5930,4.50,4.60,4.40,4.50,0,0,0
MAFPF1,20110106,4.50,4.60,4.40,4.50,7530,4.50,4.60,4.40,4.50,0,0,0
MAFPF1,20110107,4.50,4.60,4.50,4.60,460,4.50,4.60,4.50,4.60,0,0,0
MAFPF1,20110110,4.60,4.60,4.40,4.40,2140,4.60,4.60,4.40,4.40,0,0,0
MAFPF1,20110111,4.40,4.50,4.30,4.50,2820,4.40,4.50,4.30,4.50,0,0,0
MAFPF1,20110112,4.50,4.50,4.30,4.50,5580,4.50,4.50,4.30,4.50,0,0,0
MAFPF1,20110113,4.40,4.50,4.40,4.50,6130,4.40,4.50,4.40,4.50,0,0,0
MAFPF1,20110114,4.50,4.60,4.50,4.60,15460,4.50,4.60,4.50,4.60,0,12200,0
MAFPF1,20110117,4.40,4.60,4.40,4.50,19850,4.40,4.60,4.40,4.50,0,19540,0
MAFPF1,20110118,4.50,4.60,4.50,4.60,17230,4.50,4.60,4.50,4.60,0,12000,0
MAFPF1,20110119,4.50,4.50,4.50,4.50,24030,4.50,4.50,4.50,4.50,0,20000,0
MAFPF1,20110120,4.50,4.60,4.50,4.60,15740,4.50,4.60,4.50,4.60,0,10190,0
MAFPF1,20110121,4.50,4.60,4.50,4.50,9260,4.50,4.60,4.50,4.50,0,3150,0
MAFPF1,20110124,4.50,4.60,4.50,4.50,17080,4.50,4.60,4.50,4.50,0,14950,0
MAFPF1,20110125,4.50,4.60,4.50,4.60,13860,4.50,4.60,4.50,4.60,0,12690,0
MAFPF1,20110126,4.50,4.60,4.50,4.60,13560,4.50,4.60,4.50,4.60,0,10840,0
MAFPF1,20110127,4.50,4.50,4.50,4.50,34900,4.50,4.50,4.50,4.50,0,20470,0
MAFPF1,20110128,4.50,4.60,4.50,4.60,5450,4.50,4.60,4.50,4.60,0,2500,0
MAFPF1,20110208,4.60,4.60,4.60,4.60,830,4.60,4.60,4.60,4.60,0,0,0
MAFPF1,20110209,4.50,4.60,4.50,4.60,1030,4.50,4.60,4.50,4.60,0,0,0
MAFPF1,20110210,4.50,4.60,4.50,4.60,19530,4.50,4.60,4.50,4.60,0,15000,0
MAFPF1,20110211,4.60,4.60,4.50,4.60,7980,4.60,4.60,4.50,4.60,0,6340,0
MAFPF1,20110214,4.50,4.60,4.50,4.60,900,4.50,4.60,4.50,4.60,0,0,0
MAFPF1,20110215,4.50,4.50,4.50,4.50,26080,4.50,4.50,4.50,4.50,0,0,0
MAFPF1,20110216,4.50,4.50,4.40,4.50,20400,4.50,4.50,4.40,4.50,0,20000,0
MAFPF1,20110217,4.50,4.50,4.40,4.50,20450,4.50,4.50,4.40,4.50,0,19660,0
MAFPF1,20110218,4.50,4.60,4.40,4.60,20070,4.50,4.60,4.40,4.60,0,17290,0
MAFPF1,20110221,4.40,4.50,4.40,4.50,24530,4.40,4.50,4.40,4.50,0,20000,0
MAFPF1,20110222,4.30,4.50,4.30,4.50,14150,4.30,4.50,4.30,4.50,0,13370,0
MAFPF1,20110223,4.30,4.60,4.30,4.50,5110,4.30,4.60,4.30,4.50,0,0,0
MAFPF1,20110224,4.50,4.40,4.40,4.40,120,4.50,4.40,4.40,4.40,0,0,0
MAFPF1,20110225,4.50,4.50,4.30,4.30,3900,4.50,4.50,4.30,4.30,0,0,0
MAFPF1,20110228,4.30,4.40,4.20,4.40,3600,4.30,4.40,4.20,4.40,0,1750,0
MAFPF1,20110301,4.30,4.30,4.20,4.20,6230,4.30,4.30,4.20,4.20,0,3530,0
MAFPF1,20110302,4.20,4.30,4.20,4.20,5910,4.20,4.30,4.20,4.20,0,5900,0
MAFPF1,20110303,4.30,4.40,4.30,4.40,600,4.30,4.40,4.30,4.40,0,0,0
MAFPF1,20110304,4.30,4.40,4.20,4.40,240,4.30,4.40,4.20,4.40,0,130,0
MAFPF1,20110307,4.30,4.40,4.20,4.40,2980,4.30,4.40,4.20,4.40,0,2640,0
MAFPF1,20110308,4.40,4.40,4.30,4.40,910,4.40,4.40,4.30,4.40,0,0,0
MAFPF1,20110309,4.30,4.30,4.30,4.30,1260,4.30,4.30,4.30,4.30,0,0,0
MAFPF1,20110310,4.20,4.40,4.20,4.40,14150,4.20,4.40,4.20,4.40,0,11890,0
MAFPF1,20110311,4.40,4.40,4.30,4.40,380,4.40,4.40,4.30,4.40,0,0,0
MAFPF1,20110314,4.40,4.40,4.20,4.20,1210,4.40,4.40,4.20,4.20,0,740,0
MAFPF1,20110315,4.20,4.40,4.20,4.40,1210,4.20,4.40,4.20,4.40,0,880,0
MAFPF1,20110316,4.40,4.40,4.20,4.40,660,4.40,4.40,4.20,4.40,0,0,0
MAFPF1,20110317,4.30,4.40,4.30,4.40,250,4.30,4.40,4.30,4.40,0,0,0
MAFPF1,20110318,4.40,4.40,4.20,4.40,1620,4.40,4.40,4.20,4.40,0,0,0
MAFPF1,20110321,4.40,4.50,4.30,4.30,670,4.40,4.50,4.30,4.30,0,0,0
MAFPF1,20110322,4.20,4.50,4.20,4.50,1170,4.20,4.50,4.20,4.50,0,0,0
MAFPF1,20110323,4.40,4.40,4.30,4.40,1120,4.40,4.40,4.30,4.40,0,0,0
MAFPF1,20110324,4.40,4.40,4.30,4.40,3020,4.40,4.40,4.30,4.40,0,10,0
MAFPF1,20110325,4.30,4.30,4.20,4.30,490,4.30,4.30,4.20,4.30,0,0,0
MAFPF1,20110328,4.20,4.20,4.20,4.20,1650,4.20,4.20,4.20,4.20,0,0,0
MAFPF1,20110329,4.40,4.40,4.20,4.40,1240,4.40,4.40,4.20,4.40,0,0,0
MAFPF1,20110330,4.20,4.40,4.20,4.30,2380,4.20,4.40,4.20,4.30,0,10,0
MAFPF1,20110331,4.40,4.40,4.20,4.30,1010,4.40,4.40,4.20,4.30,0,0,0
MAFPF1,20110401,4.20,4.30,4.10,4.30,3220,4.20,4.30,4.10,4.30,0,0,0
MAFPF1,20110404,4.20,4.30,4.20,4.30,210,4.20,4.30,4.20,4.30,0,0,0
MAFPF1,20110405,4.30,4.30,4.30,4.30,370,4.30,4.30,4.30,4.30,0,0,0
MAFPF1,20110406,4.30,4.30,4.10,4.30,10110,4.30,4.30,4.10,4.30,0,0,0
MAFPF1,20110407,4.30,4.30,4.10,4.20,2400,4.30,4.30,4.10,4.20,0,0,100
MAFPF1,20110408,4.10,4.20,4.10,4.20,1130,4.10,4.20,4.10,4.20,0,0,0
MAFPF1,20110413,4.20,4.20,4.20,4.20,30,4.20,4.20,4.20,4.20,0,0,10
MAFPF1,20110414,4.10,4.10,4.10,4.10,4350,4.10,4.10,4.10,4.10,0,0,4340
MAFPF1,20110415,4.00,4.10,4.00,4.10,11980,4.00,4.10,4.00,4.10,0,0,9550
MAFPF1,20110418,4.30,4.30,4.10,4.10,29,4.30,4.30,4.10,4.10,0,10,0
MAFPF1,20110419,4.10,4.10,3.90,3.90,1910,4.10,4.10,3.90,3.90,0,0,0
MAFPF1,20110420,4.00,4.00,4.00,4.00,80,4.00,4.00,4.00,4.00,0,0,0
MAFPF1,20110421,4.10,4.10,4.00,4.00,450,4.10,4.10,4.00,4.00,0,0,0
MAFPF1,20110422,4.10,4.20,4.10,4.20,560,4.10,4.20,4.10,4.20,0,0,0
MAFPF1,20110425,4.20,4.30,4.00,4.30,4870,4.20,4.30,4.00,4.30,0,0,0
MAFPF1,20110426,4.30,4.30,4.10,4.30,2580,4.30,4.30,4.10,4.30,0,0,0
MAFPF1,20110427,4.20,4.30,4.20,4.30,2480,4.20,4.30,4.20,4.30,0,0,0
MAFPF1,20110428,4.20,4.20,4.20,4.20,20,4.20,4.20,4.20,4.20,0,0,0
MAFPF1,20110429,4.00,4.40,4.00,4.40,4020,4.00,4.40,4.00,4.40,0,0,0
MAFPF1,20110504,4.20,4.20,4.20,4.20,4050,4.20,4.20,4.20,4.20,0,0,0
MAFPF1,20110505,4.00,4.40,4.00,4.40,450,4.00,4.40,4.00,4.40,0,0,0
MAFPF1,20110506,4.20,4.30,4.20,4.30,3160,4.20,4.30,4.20,4.30,0,500,0
MAFPF1,20110509,4.10,4.30,4.10,4.30,1400,4.10,4.30,4.10,4.30,0,0,0
MAFPF1,20110510,4.10,4.20,4.10,4.10,1200,4.10,4.20,4.10,4.10,0,0,0
MAFPF1,20110511,4.20,4.20,4.00,4.10,1440,4.20,4.20,4.00,4.10,0,0,0
MAFPF1,20110512,4.20,4.20,4.10,4.10,660,4.20,4.20,4.10,4.10,0,0,0
MAFPF1,20110513,3.90,4.10,3.90,4.10,4120,3.90,4.10,3.90,4.10,0,0,0
MAFPF1,20110516,4.00,4.10,4.00,4.10,290,4.00,4.10,4.00,4.10,0,0,0
MAFPF1,20110517,4.10,4.10,3.90,4.00,3690,4.10,4.10,3.90,4.00,0,0,0
MAFPF1,20110518,4.10,4.10,4.00,4.00,90,4.10,4.10,4.00,4.00,0,0,0
MAFPF1,20110519,3.90,4.00,3.80,4.00,540,3.90,4.00,3.80,4.00,0,0,0
MAFPF1,20110520,3.90,4.00,3.80,3.80,2350,3.90,4.00,3.80,3.80,0,0,0
MAFPF1,20110523,3.80,3.90,3.70,3.80,12940,3.80,3.90,3.70,3.80,0,0,0
MAFPF1,20110524,3.80,3.80,3.80,3.80,940,3.80,3.80,3.80,3.80,0,800,0
MAFPF1,20110525,3.70,3.90,3.70,3.90,970,3.70,3.90,3.70,3.90,0,0,0
MAFPF1,20110526,3.80,3.90,3.80,3.90,2740,3.80,3.90,3.80,3.90,0,0,0
MAFPF1,20110527,3.90,4.00,3.80,4.00,5750,3.90,4.00,3.80,4.00,0,0,0
MAFPF1,20110530,3.80,4.00,3.80,4.00,130,3.80,4.00,3.80,4.00,0,0,0
MAFPF1,20110531,3.80,3.90,3.80,3.90,480,3.80,3.90,3.80,3.90,0,0,0
MAFPF1,20110601,3.90,4.00,3.80,3.80,380,3.90,4.00,3.80,3.80,0,0,0
MAFPF1,20110602,3.90,3.90,3.90,3.90,7440,3.90,3.90,3.90,3.90,0,0,5790
MAFPF1,20110603,4.00,4.00,3.80,4.00,4680,4.00,4.00,3.80,4.00,0,0,0
MAFPF1,20110606,3.90,4.00,3.90,4.00,410,3.90,4.00,3.90,4.00,0,0,0
MAFPF1,20110607,4.20,4.20,4.10,4.20,120,4.20,4.20,4.10,4.20,0,0,0
MAFPF1,20110608,4.00,4.20,4.00,4.20,880,4.00,4.20,4.00,4.20,0,0,0
MAFPF1,20110609,4.00,4.00,4.00,4.00,5380,4.00,4.00,4.00,4.00,0,0,0
MAFPF1,20110610,3.90,4.10,3.90,4.00,4470,3.90,4.10,3.90,4.00,0,0,0
MAFPF1,20110613,3.90,4.00,3.90,4.00,300,3.90,4.00,3.90,4.00,0,0,0
MAFPF1,20110614,4.00,4.00,3.90,4.00,230,4.00,4.00,3.90,4.00,0,0,0
MAFPF1,20110615,4.00,4.00,3.80,3.90,1800,4.00,4.00,3.80,3.90,0,0,0
MAFPF1,20110616,3.80,3.90,3.80,3.90,1100,3.80,3.90,3.80,3.90,0,0,0
MAFPF1,20110617,4.00,4.00,3.80,3.90,3490,4.00,4.00,3.80,3.90,0,0,0
MAFPF1,20110620,3.90,3.90,3.80,3.90,8000,3.90,3.90,3.80,3.90,0,0,0
MAFPF1,20110621,3.80,4.00,3.80,4.00,100,3.80,4.00,3.80,4.00,0,0,0
MAFPF1,20110622,3.90,4.00,3.90,4.00,5780,3.90,4.00,3.90,4.00,0,0,0
MAFPF1,20110623,4.00,4.00,4.00,4.00,30,4.00,4.00,4.00,4.00,0,0,0
MAFPF1,20110624,3.80,4.00,3.80,3.90,3480,3.80,4.00,3.80,3.90,0,0,0
MAFPF1,20110627,3.90,3.90,3.90,3.90,1080,3.90,3.90,3.90,3.90,0,0,0
MAFPF1,20110628,4.00,4.00,4.00,4.00,30,4.00,4.00,4.00,4.00,0,0,0
MAFPF1,20110629,3.80,4.00,3.80,3.90,5390,3.80,4.00,3.80,3.90,0,0,0
MAFPF1,20110630,3.80,3.80,3.80,3.80,14870,3.80,3.80,3.80,3.80,0,0,0
MAFPF1,20110701,3.80,3.90,3.70,3.90,16310,3.80,3.90,3.70,3.90,0,10,0
MAFPF1,20110704,3.90,3.90,3.80,3.80,2750,3.90,3.90,3.80,3.80,0,0,0
MAFPF1,20110705,3.70,3.80,3.70,3.80,9990,3.70,3.80,3.70,3.80,0,0,0
MAFPF1,20110706,3.90,3.90,3.70,3.90,1110,3.90,3.90,3.70,3.90,0,0,0
MAFPF1,20110707,3.90,3.90,3.80,3.80,570,3.90,3.90,3.80,3.80,0,0,0
MAFPF1,20110708,3.70,3.90,3.70,3.80,620,3.70,3.90,3.70,3.80,0,0,0
MAFPF1,20110711,3.90,3.90,3.70,3.80,240,3.90,3.90,3.70,3.80,0,0,0
MAFPF1,20110712,3.80,3.90,3.80,3.90,60,3.80,3.90,3.80,3.90,0,0,0
MAFPF1,20110713,3.90,3.90,3.90,3.90,10,3.90,3.90,3.90,3.90,0,0,0
MAFPF1,20110714,3.80,3.90,3.80,3.80,2770,3.80,3.90,3.80,3.80,0,0,0
MAFPF1,20110715,3.70,3.70,3.70,3.70,1700,3.70,3.70,3.70,3.70,0,0,0
MAFPF1,20110718,3.80,3.80,3.80,3.80,164,3.80,3.80,3.80,3.80,0,0,0
MAFPF1,20110719,3.70,3.80,3.70,3.70,2550,3.70,3.80,3.70,3.70,0,0,0
MAFPF1,20110720,3.80,3.80,3.60,3.60,5220,3.80,3.80,3.60,3.60,0,0,0
MAFPF1,20110721,3.60,3.60,3.60,3.60,260,3.60,3.60,3.60,3.60,0,0,0
MAFPF1,20110722,3.70,3.70,3.60,3.60,1430,3.70,3.70,3.60,3.60,0,0,0
MAFPF1,20110725,3.60,3.60,3.50,3.60,530,3.60,3.60,3.50,3.60,0,10,0
MAFPF1,20110726,3.60,3.70,3.60,3.70,770,3.60,3.70,3.60,3.70,0,0,0
MAFPF1,20110727,3.60,3.70,3.60,3.60,2490,3.60,3.70,3.60,3.60,0,0,0
MAFPF1,20110728,3.50,3.60,3.50,3.60,60,3.50,3.60,3.50,3.60,0,0,0
MAFPF1,20110729,3.60,3.60,3.50,3.60,200,3.60,3.60,3.50,3.60,0,0,0
MAFPF1,20110801,3.60,3.60,3.50,3.60,2430,3.60,3.60,3.50,3.60,0,0,0
MAFPF1,20110802,3.60,3.70,3.50,3.50,4660,3.60,3.70,3.50,3.50,0,0,0
MAFPF1,20110803,3.40,3.40,3.40,3.40,26000,3.40,3.40,3.40,3.40,0,0,0
MAFPF1,20110804,3.30,3.40,3.30,3.30,3860,3.30,3.40,3.30,3.30,0,200,0
MAFPF1,20110805,3.20,3.30,3.20,3.20,4890,3.20,3.30,3.20,3.20,0,200,0
MAFPF1,20110808,3.20,3.20,3.10,3.10,4160,3.20,3.20,3.10,3.10,0,0,0
MAFPF1,20110809,3.00,3.00,3.00,3.00,1300,3.00,3.00,3.00,3.00,0,0,0
MAFPF1,20110810,2.90,2.90,2.90,2.90,63350,2.90,2.90,2.90,2.90,0,0,0
MAFPF1,20110811,2.80,3.00,2.80,3.00,10110,2.80,3.00,2.80,3.00,0,0,0
MAFPF1,20110812,3.00,3.10,3.00,3.10,300,3.00,3.10,3.00,3.10,0,0,0
MAFPF1,20110815,3.10,3.20,3.00,3.20,1970,3.10,3.20,3.00,3.20,0,0,0
MAFPF1,20110816,3.20,3.20,3.10,3.20,7950,3.20,3.20,3.10,3.20,0,0,0
MAFPF1,20110817,3.10,3.20,3.10,3.20,9150,3.10,3.20,3.10,3.20,0,0,0
MAFPF1,20110818,3.20,3.20,3.20,3.20,620,3.20,3.20,3.20,3.20,0,0,0
MAFPF1,20110819,3.10,3.20,3.10,3.10,2890,3.10,3.20,3.10,3.10,0,0,0
MAFPF1,20110822,3.10,3.20,3.10,3.20,49720,3.10,3.20,3.10,3.20,0,0,37430
MAFPF1,20110823,3.10,3.20,3.10,3.20,990,3.10,3.20,3.10,3.20,0,0,0
MAFPF1,20110824,3.30,3.30,3.10,3.20,600,3.30,3.30,3.10,3.20,0,0,0
MAFPF1,20110825,3.10,3.20,3.10,3.10,25540,3.10,3.20,3.10,3.10,0,0,0
MAFPF1,20110826,3.20,3.20,3.10,3.10,12510,3.20,3.20,3.10,3.10,0,0,260
MAFPF1,20110829,3.10,3.20,3.10,3.20,940,3.10,3.20,3.10,3.20,0,0,0
MAFPF1,20110830,3.20,3.30,3.20,3.30,6480,3.20,3.30,3.20,3.30,0,0,0
MAFPF1,20110831,3.20,3.40,3.20,3.40,2330,3.20,3.40,3.20,3.40,0,0,0
MAFPF1,20110901,3.50,3.50,3.50,3.50,6030,3.50,3.50,3.50,3.50,0,0,0
MAFPF1,20110905,3.50,3.60,3.40,3.60,8560,3.50,3.60,3.40,3.60,0,0,0
MAFPF1,20110906,3.50,3.60,3.50,3.50,6250,3.50,3.60,3.50,3.50,0,0,0
MAFPF1,20110907,3.40,3.50,3.40,3.50,3790,3.40,3.50,3.40,3.50,0,0,0
MAFPF1,20110908,3.60,3.60,3.40,3.60,16060,3.60,3.60,3.40,3.60,0,0,0
MAFPF1,20110909,3.60,3.60,3.50,3.60,9370,3.60,3.60,3.50,3.60,0,0,0
MAFPF1,20110912,3.60,3.60,3.60,3.60,7420,3.60,3.60,3.60,3.60,0,0,0
MAFPF1,20110913,3.50,3.70,3.50,3.70,4360,3.50,3.70,3.50,3.70,0,0,0
MAFPF1,20110914,3.60,3.70,3.60,3.70,460,3.60,3.70,3.60,3.70,0,20,0
MAFPF1,20110915,3.60,3.60,3.60,3.60,3200,3.60,3.60,3.60,3.60,0,0,0
MAFPF1,20110916,3.60,3.60,3.50,3.60,1910,3.60,3.60,3.50,3.60,0,0,0
MAFPF1,20110919,3.50,3.60,3.50,3.60,3690,3.50,3.60,3.50,3.60,0,0,0
MAFPF1,20110920,3.70,3.70,3.50,3.70,3940,3.70,3.70,3.50,3.70,0,0,0
MAFPF1,20110921,3.60,3.60,3.60,3.60,170,3.60,3.60,3.60,3.60,0,0,0
MAFPF1,20110922,3.50,3.60,3.50,3.60,5430,3.50,3.60,3.50,3.60,0,70,0
MAFPF1,20110923,3.50,3.50,3.50,3.50,540,3.50,3.50,3.50,3.50,0,0,0
MAFPF1,20110926,3.60,3.60,3.40,3.60,8090,3.60,3.60,3.40,3.60,0,10,0
MAFPF1,20110927,3.50,3.50,3.50,3.50,30,3.50,3.50,3.50,3.50,0,0,0
MAFPF1,20110928,3.40,3.40,3.40,3.40,13100,3.40,3.40,3.40,3.40,0,0,0
MAFPF1,20110929,3.40,3.40,3.30,3.40,1190,3.40,3.40,3.30,3.40,0,0,0
MAFPF1,20110930,3.40,3.50,3.30,3.40,50,3.40,3.50,3.30,3.40,0,0,0
MAFPF1,20111003,3.40,3.40,3.40,3.40,100,3.40,3.40,3.40,3.40,0,0,0
MAFPF1,20111004,3.30,3.50,3.30,3.50,1960,3.30,3.50,3.30,3.50,0,0,0
MAFPF1,20111005,3.40,3.40,3.40,3.40,330,3.40,3.40,3.40,3.40,0,0,0
MAFPF1,20111006,3.40,3.40,3.30,3.40,3710,3.40,3.40,3.30,3.40,0,0,0
MAFPF1,20111007,3.30,3.30,3.30,3.30,13780,3.30,3.30,3.30,3.30,0,0,0
MAFPF1,20111010,3.30,3.30,3.20,3.20,4760,3.30,3.30,3.20,3.20,0,0,0
MAFPF1,20111011,3.20,3.20,3.20,3.20,700,3.20,3.20,3.20,3.20,0,0,0
MAFPF1,20111012,3.10,3.30,3.10,3.30,3300,3.10,3.30,3.10,3.30,0,0,0
MAFPF1,20111013,3.20,3.30,3.20,3.30,110,3.20,3.30,3.20,3.30,0,0,0
MAFPF1,20111014,3.20,3.30,3.20,3.30,140,3.20,3.30,3.20,3.30,0,0,0
MAFPF1,20111017,3.30,3.30,3.20,3.20,400,3.30,3.30,3.20,3.20,0,0,0
MAFPF1,20111018,3.10,3.20,3.10,3.20,290,3.10,3.20,3.10,3.20,0,0,0
MAFPF1,20111019,3.30,3.30,3.20,3.30,310,3.30,3.30,3.20,3.30,0,0,0
MAFPF1,20111020,3.30,3.30,3.20,3.20,320,3.30,3.30,3.20,3.20,0,0,0
MAFPF1,20111021,3.10,3.20,3.10,3.20,2060,3.10,3.20,3.10,3.20,0,0,0
MAFPF1,20111024,3.10,3.30,3.10,3.30,8510,3.10,3.30,3.10,3.30,0,0,6000
MAFPF1,20111025,3.30,3.30,3.30,3.30,1060,3.30,3.30,3.30,3.30,0,0,0
MAFPF1,20111026,3.20,3.30,3.20,3.30,780,3.20,3.30,3.20,3.30,0,0,0
MAFPF1,20111027,3.20,3.30,3.20,3.30,700,3.20,3.30,3.20,3.30,0,300,0
MAFPF1,20111028,3.30,3.30,3.30,3.30,3030,3.30,3.30,3.30,3.30,0,0,0
MAFPF1,20111031,3.30,3.30,3.20,3.30,5260,3.30,3.30,3.20,3.30,0,0,30
MAFPF1,20111101,3.30,3.30,3.20,3.20,350,3.30,3.30,3.20,3.20,0,0,0
MAFPF1,20111102,3.10,3.20,3.10,3.20,1480,3.10,3.20,3.10,3.20,0,0,0
MAFPF1,20111103,3.10,3.20,3.10,3.10,2310,3.10,3.20,3.10,3.10,0,0,0
MAFPF1,20111104,3.10,3.20,3.00,3.20,3300,3.10,3.20,3.00,3.20,0,800,0
MAFPF1,20111107,3.20,3.20,3.20,3.20,680,3.20,3.20,3.20,3.20,0,0,0
MAFPF1,20111108,3.10,3.30,3.10,3.30,8410,3.10,3.30,3.10,3.30,0,0,0
MAFPF1,20111109,3.20,3.30,3.20,3.30,160,3.20,3.30,3.20,3.30,0,0,0
MAFPF1,20111110,3.20,3.30,3.20,3.30,230,3.20,3.30,3.20,3.30,0,0,0
MAFPF1,20111111,3.30,3.30,3.30,3.30,20,3.30,3.30,3.30,3.30,0,0,0
MAFPF1,20111114,3.20,3.30,3.20,3.30,30,3.20,3.30,3.20,3.30,0,0,0
MAFPF1,20111115,3.20,3.30,3.20,3.30,100,3.20,3.30,3.20,3.30,0,0,0
MAFPF1,20111116,3.20,3.30,3.20,3.30,110,3.20,3.30,3.20,3.30,0,0,0
MAFPF1,20111117,3.30,3.30,3.30,3.30,90,3.30,3.30,3.30,3.30,0,0,0
MAFPF1,20111118,3.20,3.20,3.20,3.20,300,3.20,3.20,3.20,3.20,0,0,0
MAFPF1,20111121,3.10,3.10,3.10,3.10,270,3.10,3.10,3.10,3.10,0,0,0
MAFPF1,20111122,3.00,3.20,3.00,3.20,1570,3.00,3.20,3.00,3.20,0,0,0
MAFPF1,20111123,3.10,3.20,3.10,3.20,180,3.10,3.20,3.10,3.20,0,0,0
MAFPF1,20111124,3.10,3.10,3.10,3.10,40,3.10,3.10,3.10,3.10,0,0,0
MAFPF1,20111125,3.00,3.20,3.00,3.20,180,3.00,3.20,3.00,3.20,0,0,0
MAFPF1,20111128,3.10,3.20,3.10,3.10,4100,3.10,3.20,3.10,3.10,0,0,0
MAFPF1,20111129,3.00,3.10,3.00,3.10,850,3.00,3.10,3.00,3.10,0,0,0
MAFPF1,20111130,3.00,3.10,3.00,3.10,1010,3.00,3.10,3.00,3.10,0,0,0
MAFPF1,20111201,3.10,3.20,3.10,3.20,110,3.10,3.20,3.10,3.20,0,0,0
MAFPF1,20111202,3.20,3.20,3.20,3.20,50,3.20,3.20,3.20,3.20,0,0,0
MAFPF1,20111205,3.10,3.10,3.10,3.10,3400,3.10,3.10,3.10,3.10,0,0,0
MAFPF1,20111206,3.00,3.10,3.00,3.10,2260,3.00,3.10,3.00,3.10,0,0,0
MAFPF1,20111207,3.00,3.00,3.00,3.00,1550,3.00,3.00,3.00,3.00,0,0,0
MAFPF1,20111208,3.00,3.00,2.90,2.90,1420,3.00,3.00,2.90,2.90,0,0,0
MAFPF1,20111209,2.80,2.90,2.80,2.80,6970,2.80,2.90,2.80,2.80,0,0,0
MAFPF1,20111212,2.80,2.90,2.80,2.90,720,2.80,2.90,2.80,2.90,0,0,0
MAFPF1,20111213,2.80,3.00,2.80,3.00,2900,2.80,3.00,2.80,3.00,0,0,0
MAFPF1,20111214,3.00,3.00,2.90,2.90,110,3.00,3.00,2.90,2.90,0,0,0
MAFPF1,20111215,2.90,2.90,2.80,2.90,1760,2.90,2.90,2.80,2.90,0,0,0
MAFPF1,20111216,2.90,2.90,2.80,2.80,1000,2.90,2.90,2.80,2.80,0,0,0
MAFPF1,20111219,2.90,2.90,2.80,2.90,3530,2.90,2.90,2.80,2.90,0,0,0
MAFPF1,20111220,2.80,2.90,2.80,2.80,13610,2.80,2.90,2.80,2.80,0,0,0
MAFPF1,20111221,2.80,2.90,2.80,2.80,2560,2.80,2.90,2.80,2.80,0,0,0
MAFPF1,20111222,2.70,2.80,2.70,2.80,8660,2.70,2.80,2.70,2.80,0,0,0
MAFPF1,20111223,2.70,2.90,2.70,2.70,28020,2.70,2.90,2.70,2.70,0,0,0
MAFPF1,20111226,2.80,2.80,2.70,2.70,2000,2.80,2.80,2.70,2.70,0,0,0
MAFPF1,20111227,2.80,2.80,2.80,2.80,370,2.80,2.80,2.80,2.80,0,0,0
MAFPF1,20111228,2.80,2.90,2.80,2.90,7880,2.80,2.90,2.80,2.90,0,0,0
MAFPF1,20111229,2.80,3.00,2.80,3.00,610,2.80,3.00,2.80,3.00,0,0,0
MAFPF1,20111230,3.00,3.10,3.00,3.00,7880,3.00,3.10,3.00,3.00,0,0,0
MAFPF1,20120103,2.90,3.00,2.90,3.00,550,2.90,3.00,2.90,3.00,0,0,0
MAFPF1,20120104,2.90,3.00,2.90,3.00,1330,2.90,3.00,2.90,3.00,0,0,0
MAFPF1,20120105,3.00,3.00,3.00,3.00,510,3.00,3.00,3.00,3.00,0,0,0
MAFPF1,20120106,2.90,2.90,2.90,2.90,20,2.90,2.90,2.90,2.90,0,0,0
MAFPF1,20120109,2.80,3.00,2.80,3.00,5600,2.80,3.00,2.80,3.00,0,0,0
MAFPF1,20120110,2.90,3.00,2.90,2.90,1360,2.90,3.00,2.90,2.90,0,0,0
MAFPF1,20120111,2.90,3.00,2.90,2.90,230,2.90,3.00,2.90,2.90,0,0,0
MAFPF1,20120112,2.80,2.90,2.80,2.90,550,2.80,2.90,2.80,2.90,0,0,0
MAFPF1,20120113,2.80,2.90,2.80,2.90,2660,2.80,2.90,2.80,2.90,0,0,0
MAFPF1,20120116,2.80,3.00,2.80,2.90,7030,2.80,3.00,2.80,2.90,0,0,0
MAFPF1,20120117,2.90,3.00,2.80,2.80,5570,2.90,3.00,2.80,2.80,0,0,0
MAFPF1,20120118,2.90,2.90,2.90,2.90,20,2.90,2.90,2.90,2.90,0,0,0
MAFPF1,20120119,2.90,3.00,2.80,3.00,21020,2.90,3.00,2.80,3.00,0,0,0
MAFPF1,20120120,3.00,3.00,3.00,3.00,370,3.00,3.00,3.00,3.00,0,0,0
MAFPF1,20120130,2.90,3.00,2.90,3.00,14240,2.90,3.00,2.90,3.00,0,0,0
MAFPF1,20120131,3.00,3.10,3.00,3.10,15870,3.00,3.10,3.00,3.10,0,0,0
MAFPF1,20120201,3.10,3.10,3.10,3.10,520,3.10,3.10,3.10,3.10,0,0,0
MAFPF1,20120202,3.10,3.10,3.00,3.00,20270,3.10,3.10,3.00,3.00,0,0,0
MAFPF1,20120203,3.10,3.10,3.10,3.10,15100,3.10,3.10,3.10,3.10,0,0,5000
MAFPF1,20120206,3.10,3.10,3.00,3.10,10200,3.10,3.10,3.00,3.10,0,0,10000
MAFPF1,20120207,3.00,3.20,3.00,3.20,2200,3.00,3.20,3.00,3.20,0,0,10
MAFPF1,20120208,3.20,3.30,3.10,3.20,8970,3.20,3.30,3.10,3.20,0,0,140
MAFPF1,20120209,3.20,3.30,3.10,3.10,10110,3.20,3.30,3.10,3.10,0,0,10
MAFPF1,20120210,3.10,3.20,3.10,3.10,4570,3.10,3.20,3.10,3.10,0,0,0
MAFPF1,20120213,3.00,3.20,3.00,3.20,2520,3.00,3.20,3.00,3.20,0,0,0
MAFPF1,20120214,3.10,3.30,3.10,3.30,770,3.10,3.30,3.10,3.30,0,0,0
MAFPF1,20120215,3.20,3.20,3.20,3.20,110,3.20,3.20,3.20,3.20,0,0,0
MAFPF1,20120216,3.10,3.10,3.10,3.10,150,3.10,3.10,3.10,3.10,0,0,0
MAFPF1,20120217,3.00,3.10,3.00,3.10,3280,3.00,3.10,3.00,3.10,0,0,0
MAFPF1,20120220,3.10,3.20,3.10,3.20,8650,3.10,3.20,3.10,3.20,0,0,0
MAFPF1,20120221,3.20,3.30,3.20,3.20,2600,3.20,3.30,3.20,3.20,0,0,30
MAFPF1,20120222,3.20,3.30,3.20,3.20,2040,3.20,3.30,3.20,3.20,0,0,10
MAFPF1,20120223,3.20,3.20,3.20,3.20,2410,3.20,3.20,3.20,3.20,0,0,0
MAFPF1,20120224,3.30,3.30,3.20,3.30,34270,3.30,3.30,3.20,3.30,0,0,8260
MAFPF1,20120227,3.40,3.40,3.30,3.40,12350,3.40,3.40,3.30,3.40,0,0,5000
MAFPF1,20120228,3.50,3.50,3.40,3.40,14710,3.50,3.50,3.40,3.40,0,0,0
MAFPF1,20120229,3.30,3.50,3.30,3.50,1180,3.30,3.50,3.30,3.50,0,0,0
MAFPF1,20120301,3.40,3.50,3.40,3.50,6020,3.40,3.50,3.40,3.50,0,0,0
MAFPF1,20120302,3.50,3.60,3.50,3.60,6170,3.50,3.60,3.50,3.60,0,0,0
MAFPF1,20120305,3.70,3.70,3.70,3.70,26090,3.70,3.70,3.70,3.70,0,0,0
MAFPF1,20120306,3.80,3.80,3.70,3.80,57890,3.80,3.80,3.70,3.80,0,0,0
MAFPF1,20120307,3.80,3.80,3.70,3.80,32660,3.80,3.80,3.70,3.80,0,0,0
MAFPF1,20120308,3.70,3.70,3.70,3.70,32070,3.70,3.70,3.70,3.70,0,0,0
MAFPF1,20120309,3.80,3.80,3.60,3.60,11640,3.80,3.80,3.60,3.60,0,0,0
MAFPF1,20120312,3.50,3.70,3.50,3.50,51250,3.50,3.70,3.50,3.50,0,0,0
MAFPF1,20120313,3.50,3.60,3.50,3.60,7170,3.50,3.60,3.50,3.60,0,0,0
MAFPF1,20120314,3.70,3.70,3.60,3.60,13270,3.70,3.70,3.60,3.60,0,0,0
MAFPF1,20120315,3.60,3.70,3.50,3.70,6880,3.60,3.70,3.50,3.70,0,0,0
MAFPF1,20120316,3.70,3.80,3.70,3.80,11880,3.70,3.80,3.70,3.80,0,0,0
MAFPF1,20120319,3.80,3.80,3.70,3.80,24530,3.80,3.80,3.70,3.80,0,0,0
MAFPF1,20120320,3.70,3.90,3.70,3.90,36690,3.70,3.90,3.70,3.90,0,0,0
MAFPF1,20120321,3.90,4.00,3.90,4.00,17290,3.90,4.00,3.90,4.00,0,0,0
MAFPF1,20120322,3.90,4.20,3.90,4.20,11970,3.90,4.20,3.90,4.20,0,0,0
MAFPF1,20120323,4.20,4.30,4.20,4.30,300,4.20,4.30,4.20,4.30,0,0,0
MAFPF1,20120326,4.20,4.40,4.20,4.30,5170,4.20,4.40,4.20,4.30,0,500,0
MAFPF1,20120327,4.30,4.30,4.10,4.30,11140,4.30,4.30,4.10,4.30,0,1000,0
MAFPF1,20120328,4.10,4.20,4.10,4.20,2690,4.10,4.20,4.10,4.20,0,0,0
MAFPF1,20120329,4.20,4.20,4.00,4.10,5590,4.20,4.20,4.00,4.10,0,0,0
MAFPF1,20120330,4.20,4.20,3.90,4.00,15690,4.20,4.20,3.90,4.00,0,0,0
MAFPF1,20120403,4.00,4.10,3.90,4.10,6260,4.00,4.10,3.90,4.10,0,10,0
MAFPF1,20120404,4.10,4.10,3.90,3.90,11000,4.10,4.10,3.90,3.90,0,0,0
MAFPF1,20120405,3.90,4.00,3.90,4.00,1410,3.90,4.00,3.90,4.00,0,0,0
MAFPF1,20120406,4.00,4.00,3.90,3.90,3820,4.00,4.00,3.90,3.90,0,0,0
MAFPF1,20120409,3.90,4.00,3.90,4.00,10300,3.90,4.00,3.90,4.00,0,0,0
MAFPF1,20120410,3.90,4.10,3.90,4.00,6930,3.90,4.10,3.90,4.00,0,0,0
MAFPF1,20120411,4.10,4.10,4.00,4.10,16170,4.10,4.10,4.00,4.10,0,0,0
MAFPF1,20120412,4.20,4.30,4.20,4.30,13640,4.20,4.30,4.20,4.30,0,0,0
MAFPF1,20120413,4.30,4.40,4.20,4.20,22640,4.30,4.40,4.20,4.20,0,0,0
MAFPF1,20120416,4.20,4.30,4.10,4.30,15240,4.20,4.30,4.10,4.30,0,0,0
MAFPF1,20120417,4.30,4.50,4.30,4.50,31660,4.30,4.50,4.30,4.50,0,0,0
MAFPF1,20120418,4.40,4.60,4.40,4.40,17380,4.40,4.60,4.40,4.40,0,0,0
MAFPF1,20120419,4.30,4.60,4.30,4.40,11570,4.30,4.60,4.30,4.40,0,0,0
MAFPF1,20120420,4.60,4.60,4.20,4.40,19550,4.60,4.60,4.20,4.40,0,0,0
MAFPF1,20120423,4.30,4.50,4.30,4.50,1920,4.30,4.50,4.30,4.50,0,0,0
MAFPF1,20120424,4.50,4.50,4.50,4.50,120,4.50,4.50,4.50,4.50,0,0,0
MAFPF1,20120425,4.50,4.50,4.30,4.50,1010,4.50,4.50,4.30,4.50,0,0,0
MAFPF1,20120426,4.40,4.50,4.30,4.50,18410,4.40,4.50,4.30,4.50,0,1000,0
MAFPF1,20120427,4.40,4.50,4.40,4.50,6140,4.40,4.50,4.40,4.50,0,0,0
MAFPF1,20120502,4.50,4.50,4.30,4.40,22780,4.50,4.50,4.30,4.40,0,0,0
MAFPF1,20120503,4.40,4.40,4.20,4.20,1100,4.40,4.40,4.20,4.20,0,0,0
MAFPF1,20120504,4.30,4.40,4.30,4.40,6340,4.30,4.40,4.30,4.40,0,0,0
MAFPF1,20120507,4.30,4.50,4.30,4.50,31040,4.30,4.50,4.30,4.50,0,0,1250
MAFPF1,20120508,4.50,4.50,4.40,4.50,89060,4.50,4.50,4.40,4.50,0,0,0
MAFPF1,20120509,4.60,4.60,4.50,4.50,4790,4.60,4.60,4.50,4.50,0,0,0
MAFPF1,20120510,4.40,4.60,4.40,4.50,4930,4.40,4.60,4.40,4.50,0,0,0
MAFPF1,20120511,4.40,4.40,4.30,4.30,31640,4.40,4.40,4.30,4.30,0,0,0
MAFPF1,20120514,4.30,4.30,4.10,4.10,38940,4.30,4.30,4.10,4.10,0,0,0
MAFPF1,20120515,4.00,4.30,4.00,4.30,1080,4.00,4.30,4.00,4.30,0,0,0
MAFPF1,20120516,4.10,4.30,4.10,4.30,15650,4.10,4.30,4.10,4.30,0,0,0
MAFPF1,20120517,4.20,4.30,4.10,4.30,10040,4.20,4.30,4.10,4.30,0,0,0
MAFPF1,20120518,4.10,4.10,4.10,4.10,2210,4.10,4.10,4.10,4.10,0,1000,0
MAFPF1,20120521,4.10,4.20,4.00,4.20,2520,4.10,4.20,4.00,4.20,0,0,300
MAFPF1,20120522,4.00,4.20,4.00,4.20,15140,4.00,4.20,4.00,4.20,0,0,14700
MAFPF1,20120523,4.00,4.00,4.00,4.00,4480,4.00,4.00,4.00,4.00,0,0,0
MAFPF1,20120524,4.00,4.00,3.90,4.00,2070,4.00,4.00,3.90,4.00,0,1010,0
MAFPF1,20120525,4.10,4.20,4.10,4.20,7450,4.10,4.20,4.10,4.20,0,0,700
MAFPF1,20120528,4.10,4.10,4.00,4.00,7200,4.10,4.10,4.00,4.00,0,0,0
MAFPF1,20120529,3.90,4.10,3.90,4.00,520,3.90,4.10,3.90,4.00,0,0,0
MAFPF1,20120530,4.00,4.10,4.00,4.10,670,4.00,4.10,4.00,4.10,0,0,0
MAFPF1,20120531,4.00,4.00,4.00,4.00,3160,4.00,4.00,4.00,4.00,0,2000,0
MAFPF1,20120601,4.00,4.00,3.90,3.90,140,4.00,4.00,3.90,3.90,0,0,0
MAFPF1,20120604,3.90,3.90,3.80,3.90,16440,3.90,3.90,3.80,3.90,0,2000,0
MAFPF1,20120605,3.90,3.90,3.80,3.80,500,3.90,3.90,3.80,3.80,0,0,0
MAFPF1,20120606,3.80,3.90,3.80,3.90,370,3.80,3.90,3.80,3.90,0,0,0
MAFPF1,20120607,3.90,4.00,3.80,3.80,3190,3.90,4.00,3.80,3.80,0,0,0
MAFPF1,20120608,3.90,3.90,3.80,3.90,5370,3.90,3.90,3.80,3.90,0,0,560
MAFPF1,20120611,3.90,4.00,3.90,4.00,280,3.90,4.00,3.90,4.00,0,0,20
MAFPF1,20120612,4.00,4.00,3.80,3.80,3980,4.00,4.00,3.80,3.80,0,0,0
MAFPF1,20120613,3.80,3.90,3.80,3.90,2520,3.80,3.90,3.80,3.90,0,0,0
MAFPF1,20120614,3.90,3.90,3.80,3.90,60,3.90,3.90,3.80,3.90,0,0,0
MAFPF1,20120615,3.90,3.90,3.90,3.90,5000,3.90,3.90,3.90,3.90,0,0,0
MAFPF1,20120618,3.90,3.90,3.90,3.90,1550,3.90,3.90,3.90,3.90,0,0,0
MAFPF1,20120619,3.90,3.90,3.90,3.90,10,3.90,3.90,3.90,3.90,0,0,0
MAFPF1,20120620,3.90,3.90,3.80,3.90,3780,3.90,3.90,3.80,3.90,0,0,0
MAFPF1,20120621,3.90,3.90,3.80,3.80,1370,3.90,3.90,3.80,3.80,0,0,0
MAFPF1,20120622,3.90,3.90,3.80,3.90,760,3.90,3.90,3.80,3.90,0,0,0
MAFPF1,20120625,3.90,3.90,3.90,3.90,1110,3.90,3.90,3.90,3.90,0,0,0
MAFPF1,20120626,3.80,3.80,3.80,3.80,13620,3.80,3.80,3.80,3.80,0,5000,0
MAFPF1,20120627,3.80,3.80,3.70,3.70,410,3.80,3.80,3.70,3.70,0,0,0
MAFPF1,20120628,3.70,3.80,3.60,3.60,14360,3.70,3.80,3.60,3.60,0,0,0
MAFPF1,20120629,3.70,3.70,3.70,3.70,130,3.70,3.70,3.70,3.70,0,0,0
MAFPF1,20120702,3.70,3.80,3.70,3.80,2310,3.70,3.80,3.70,3.80,0,1000,0
MAFPF1,20120703,3.70,3.90,3.70,3.90,2470,3.70,3.90,3.70,3.90,0,0,120
MAFPF1,20120704,3.80,3.80,3.80,3.80,5920,3.80,3.80,3.80,3.80,0,0,0
MAFPF1,20120705,3.70,3.80,3.70,3.80,3220,3.70,3.80,3.70,3.80,0,0,0
MAFPF1,20120706,3.70,3.80,3.70,3.70,770,3.70,3.80,3.70,3.70,0,0,0
MAFPF1,20120709,3.70,3.80,3.60,3.80,6530,3.70,3.80,3.60,3.80,0,240,0
MAFPF1,20120710,3.70,3.70,3.70,3.70,3180,3.70,3.70,3.70,3.70,0,0,0
MAFPF1,20120711,3.70,3.70,3.60,3.70,9100,3.70,3.70,3.60,3.70,0,0,0
MAFPF1,20120712,3.60,3.80,3.60,3.80,6500,3.60,3.80,3.60,3.80,0,0,40
MAFPF1,20120713,3.80,3.80,3.70,3.80,16070,3.80,3.80,3.70,3.80,0,0,0
MAFPF1,20120716,3.80,3.80,3.70,3.80,7390,3.80,3.80,3.70,3.80,0,0,1000
MAFPF1,20120717,3.90,3.90,3.70,3.70,4160,3.90,3.90,3.70,3.70,0,0,0
MAFPF1,20120718,3.60,3.80,3.60,3.80,31370,3.60,3.80,3.60,3.80,0,0,0
MAFPF1,20120719,3.70,3.90,3.70,3.80,10100,3.70,3.90,3.70,3.80,0,0,0
MAFPF1,20120720,3.80,3.80,3.70,3.70,41780,3.80,3.80,3.70,3.70,0,0,0
MAFPF1,20120723,3.80,3.80,3.70,3.80,260,3.80,3.80,3.70,3.80,0,0,0
MAFPF1,20120724,3.70,3.70,3.70,3.70,2950,3.70,3.70,3.70,3.70,0,0,0
MAFPF1,20120725,3.70,3.70,3.60,3.60,44140,3.70,3.70,3.60,3.60,0,2000,0
MAFPF1,20120726,3.60,3.70,3.50,3.70,5380,3.60,3.70,3.50,3.70,0,0,0
MAFPF1,20120727,3.70,3.70,3.70,3.70,1000,3.70,3.70,3.70,3.70,0,0,0
MAFPF1,20120730,3.70,3.70,3.60,3.70,10710,3.70,3.70,3.60,3.70,0,0,0
MAFPF1,20120731,3.70,3.70,3.70,3.70,130,3.70,3.70,3.70,3.70,0,0,30
MAFPF1,20120801,3.60,3.70,3.60,3.70,6360,3.60,3.70,3.60,3.70,0,0,960
MAFPF1,20120802,3.60,3.70,3.60,3.60,10600,3.60,3.70,3.60,3.60,0,10,0
MAFPF1,20120803,3.60,3.60,3.60,3.60,200,3.60,3.60,3.60,3.60,0,80,0
MAFPF1,20120806,3.60,3.70,3.60,3.70,20610,3.60,3.70,3.60,3.70,0,0,1070
MAFPF1,20120807,3.60,3.70,3.60,3.70,360,3.60,3.70,3.60,3.70,0,0,0
MAFPF1,20120808,3.70,3.80,3.60,3.80,4630,3.70,3.80,3.60,3.80,0,0,0
MAFPF1,20120809,3.70,3.80,3.70,3.80,23590,3.70,3.80,3.70,3.80,0,0,0
MAFPF1,20120810,3.70,3.80,3.70,3.70,26960,3.70,3.80,3.70,3.70,0,0,0
MAFPF1,20120813,3.70,3.80,3.60,3.70,46890,3.70,3.80,3.60,3.70,0,10000,0
MAFPF1,20120814,3.70,3.70,3.60,3.60,36500,3.70,3.70,3.60,3.60,0,30000,0
MAFPF1,20120815,3.60,3.70,3.60,3.70,6910,3.60,3.70,3.60,3.70,0,0,180
MAFPF1,20120816,3.60,3.70,3.60,3.70,5300,3.60,3.70,3.60,3.70,0,0,0
MAFPF1,20120817,3.60,3.70,3.60,3.70,43710,3.60,3.70,3.60,3.70,0,0,3820
MAFPF1,20120820,3.60,3.70,3.60,3.70,2710,3.60,3.70,3.60,3.70,0,10,0
MAFPF1,20120821,3.70,3.80,3.60,3.70,41850,3.70,3.80,3.60,3.70,0,5500,0
MAFPF1,20120822,3.60,3.70,3.60,3.70,26150,3.60,3.70,3.60,3.70,0,6140,5500
MAFPF1,20120823,3.60,3.70,3.60,3.70,4500,3.60,3.70,3.60,3.70,0,4200,0
MAFPF1,20120824,3.60,3.70,3.60,3.70,56490,3.60,3.70,3.60,3.70,0,0,4200
MAFPF1,20120827,3.60,3.60,3.60,3.60,3520,3.60,3.60,3.60,3.60,0,3000,0
MAFPF1,20120828,3.50,3.70,3.50,3.70,900,3.50,3.70,3.50,3.70,0,0,0
MAFPF1,20120829,3.60,3.70,3.60,3.70,5150,3.60,3.70,3.60,3.70,0,0,100
MAFPF1,20120830,3.60,3.70,3.60,3.70,27510,3.60,3.70,3.60,3.70,0,0,500
MAFPF1,20120831,3.60,3.70,3.60,3.70,900,3.60,3.70,3.60,3.70,0,0,0
MAFPF1,20120904,3.60,3.70,3.60,3.70,9690,3.60,3.70,3.60,3.70,0,0,210
MAFPF1,20120905,3.60,3.60,3.60,3.60,21010,3.60,3.60,3.60,3.60,0,5000,0
MAFPF1,20120906,3.50,3.60,3.50,3.60,2700,3.50,3.60,3.50,3.60,0,0,0
MAFPF1,20120907,3.50,3.50,3.50,3.50,2400,3.50,3.50,3.50,3.50,0,0,0
MAFPF1,20120910,3.50,3.60,3.40,3.60,8190,3.50,3.60,3.40,3.60,0,0,0
MAFPF1,20120911,3.50,3.50,3.50,3.50,110,3.50,3.50,3.50,3.50,0,0,0
MAFPF1,20120912,3.60,3.60,3.40,3.50,3710,3.60,3.60,3.40,3.50,0,0,0
MAFPF1,20120913,3.50,3.50,3.50,3.50,6000,3.50,3.50,3.50,3.50,0,0,0
MAFPF1,20120914,3.40,3.60,3.40,3.60,120,3.40,3.60,3.40,3.60,0,0,0
MAFPF1,20120917,3.50,3.60,3.50,3.60,300,3.50,3.60,3.50,3.60,0,0,0
MAFPF1,20120918,3.60,3.70,3.60,3.60,1650,3.60,3.70,3.60,3.60,0,0,0
MAFPF1,20120919,3.50,3.50,3.50,3.50,18000,3.50,3.50,3.50,3.50,0,0,0
MAFPF1,20120920,3.40,3.40,3.40,3.40,1060,3.40,3.40,3.40,3.40,0,0,0
MAFPF1,20120921,3.30,3.30,3.30,3.30,200,3.30,3.30,3.30,3.30,0,0,0
MAFPF1,20120924,3.30,3.30,3.20,3.20,2120,3.30,3.30,3.20,3.20,0,0,0
MAFPF1,20120925,3.30,3.30,3.20,3.20,1400,3.30,3.30,3.20,3.20,0,0,0
MAFPF1,20120926,3.30,3.30,3.20,3.20,2500,3.30,3.30,3.20,3.20,0,0,0
MAFPF1,20120927,3.30,3.30,3.30,3.30,210,3.30,3.30,3.30,3.30,0,0,10
MAFPF1,20120928,3.40,3.40,3.30,3.40,50,3.40,3.40,3.30,3.40,0,0,0
MAFPF1,20121001,3.30,3.30,3.30,3.30,2100,3.30,3.30,3.30,3.30,0,0,0
MAFPF1,20121002,3.40,3.40,3.20,3.20,2620,3.40,3.40,3.20,3.20,0,0,0
MAFPF1,20121003,3.20,3.20,3.20,3.20,110,3.20,3.20,3.20,3.20,0,0,0
MAFPF1,20121004,3.20,3.20,3.20,3.20,400,3.20,3.20,3.20,3.20,0,0,0
MAFPF1,20121005,3.30,3.30,3.30,3.30,20,3.30,3.30,3.30,3.30,0,0,0
MAFPF1,20121008,3.30,3.40,3.30,3.40,5860,3.30,3.40,3.30,3.40,0,5560,0
MAFPF1,20121009,3.40,3.50,3.40,3.50,11370,3.40,3.50,3.40,3.50,0,11100,0
MAFPF1,20121010,3.40,3.60,3.40,3.60,41150,3.40,3.60,3.40,3.60,0,41000,0
MAFPF1,20121011,3.60,3.60,3.50,3.50,1300,3.60,3.60,3.50,3.50,0,0,0
MAFPF1,20121012,3.40,3.40,3.40,3.40,100,3.40,3.40,3.40,3.40,0,0,0
MAFPF1,20121015,3.30,3.30,3.30,3.30,540,3.30,3.30,3.30,3.30,0,0,0
MAFPF1,20121016,3.30,3.40,3.30,3.40,110,3.30,3.40,3.30,3.40,0,0,0
MAFPF1,20121017,3.30,3.30,3.30,3.30,500,3.30,3.30,3.30,3.30,0,0,0
MAFPF1,20121018,3.30,3.40,3.30,3.40,210,3.30,3.40,3.30,3.40,0,0,0
MAFPF1,20121019,3.40,3.50,3.40,3.50,260,3.40,3.50,3.40,3.50,0,0,0
MAFPF1,20121022,3.40,3.40,3.40,3.40,6200,3.40,3.40,3.40,3.40,0,0,0
MAFPF1,20121023,3.30,3.40,3.30,3.40,7040,3.30,3.40,3.30,3.40,0,0,0
MAFPF1,20121024,3.30,3.30,3.30,3.30,710,3.30,3.30,3.30,3.30,0,0,0
MAFPF1,20121025,3.30,3.30,3.20,3.20,3520,3.30,3.30,3.20,3.20,0,0,0
MAFPF1,20121026,3.30,3.30,3.20,3.20,1560,3.30,3.30,3.20,3.20,0,0,0
MAFPF1,20121029,3.30,3.30,3.30,3.30,1600,3.30,3.30,3.30,3.30,0,0,0
MAFPF1,20121030,3.30,3.30,3.30,3.30,130,3.30,3.30,3.30,3.30,0,0,0
MAFPF1,20121031,3.30,3.30,3.20,3.20,1700,3.30,3.30,3.20,3.20,0,0,0
MAFPF1,20121101,3.30,3.30,3.30,3.30,100,3.30,3.30,3.30,3.30,0,0,0
MAFPF1,20121102,3.20,3.30,3.20,3.30,2600,3.20,3.30,3.20,3.30,0,0,0
MAFPF1,20121105,3.30,3.40,3.30,3.40,350,3.30,3.40,3.30,3.40,0,0,0
MAFPF1,20121106,3.40,3.40,3.40,3.40,150,3.40,3.40,3.40,3.40,0,0,0
MAFPF1,20121107,3.40,3.40,3.40,3.40,5790,3.40,3.40,3.40,3.40,0,0,0
MAFPF1,20121108,3.30,3.40,3.30,3.30,280,3.30,3.40,3.30,3.30,0,0,0
MAFPF1,20121109,3.40,3.40,3.30,3.30,16780,3.40,3.40,3.30,3.30,0,0,5420
MAFPF1,20121112,3.30,3.40,3.30,3.40,9320,3.30,3.40,3.30,3.40,0,0,0
MAFPF1,20121113,3.50,3.50,3.50,3.50,11010,3.50,3.50,3.50,3.50,0,0,3860
MAFPF1,20121114,3.40,3.60,3.40,3.60,420,3.40,3.60,3.40,3.60,0,0,0
MAFPF1,20121115,3.50,3.60,3.50,3.50,1140,3.50,3.60,3.50,3.50,0,0,0
MAFPF1,20121116,3.60,3.60,3.50,3.50,1110,3.60,3.60,3.50,3.50,0,0,0
MAFPF1,20121119,3.60,3.60,3.60,3.60,310,3.60,3.60,3.60,3.60,0,0,0
MAFPF1,20121120,3.50,3.50,3.50,3.50,110,3.50,3.50,3.50,3.50,0,0,0
MAFPF1,20121121,3.50,3.60,3.50,3.50,31180,3.50,3.60,3.50,3.50,0,0,5990
MAFPF1,20121122,3.60,3.60,3.60,3.60,17850,3.60,3.60,3.60,3.60,0,0,0
MAFPF1,20121123,3.70,3.70,3.50,3.50,5060,3.70,3.70,3.50,3.50,0,0,0
MAFPF1,20121126,3.60,3.60,3.50,3.50,50,3.60,3.60,3.50,3.50,0,0,0
MAFPF1,20121127,3.60,3.60,3.50,3.50,2940,3.60,3.60,3.50,3.50,0,0,0
MAFPF1,20121128,3.60,3.60,3.50,3.60,1600,3.60,3.60,3.50,3.60,0,0,0
MAFPF1,20121129,3.60,3.70,3.60,3.70,7540,3.60,3.70,3.60,3.70,0,0,0
MAFPF1,20121130,3.60,3.70,3.60,3.70,9470,3.60,3.70,3.60,3.70,0,0,0
MAFPF1,20121203,3.60,3.60,3.60,3.60,30200,3.60,3.60,3.60,3.60,0,0,0
MAFPF1,20121204,3.50,3.60,3.50,3.50,3040,3.50,3.60,3.50,3.50,0,0,0
MAFPF1,20121205,3.50,3.60,3.50,3.50,2760,3.50,3.60,3.50,3.50,0,0,0
MAFPF1,20121206,3.60,3.60,3.50,3.50,1500,3.60,3.60,3.50,3.50,0,10,0
MAFPF1,20121207,3.60,3.60,3.60,3.60,6760,3.60,3.60,3.60,3.60,0,0,0
MAFPF1,20121210,3.70,3.70,3.70,3.70,23560,3.70,3.70,3.70,3.70,0,0,0
MAFPF1,20121211,3.70,3.80,3.70,3.80,9960,3.70,3.80,3.70,3.80,0,0,2010
MAFPF1,20121212,3.70,3.90,3.70,3.90,32490,3.70,3.90,3.70,3.90,0,0,2010
MAFPF1,20121213,4.00,4.00,4.00,4.00,15740,4.00,4.00,4.00,4.00,0,0,0
MAFPF1,20121214,4.00,4.00,3.90,3.90,342340,4.00,4.00,3.90,3.90,0,0,0
MAFPF1,20121217,3.90,4.00,3.90,4.00,2030,3.90,4.00,3.90,4.00,0,0,0
MAFPF1,20121218,3.90,4.00,3.90,4.00,190,3.90,4.00,3.90,4.00,0,0,0
MAFPF1,20121219,3.80,4.10,3.80,4.10,120,3.80,4.10,3.80,4.10,0,0,0
MAFPF1,20121220,4.00,4.00,3.90,3.90,4430,4.00,4.00,3.90,3.90,0,0,0
MAFPF1,20121221,3.80,4.00,3.80,3.80,140,3.80,4.00,3.80,3.80,0,0,0
MAFPF1,20121224,3.80,3.80,3.80,3.80,40,3.80,3.80,3.80,3.80,0,20,0
MAFPF1,20121225,3.90,3.90,3.90,3.90,80,3.90,3.90,3.90,3.90,0,0,0
MAFPF1,20121226,4.00,4.00,4.00,4.00,5940,4.00,4.00,4.00,4.00,0,0,0
MAFPF1,20121227,4.10,4.20,4.10,4.20,37140,4.10,4.20,4.10,4.20,0,0,0
MAFPF1,20121228,4.30,4.40,4.10,4.40,88370,4.30,4.40,4.10,4.40,0,0,0
MAFPF1,20130102,4.50,4.60,4.50,4.60,8630,4.50,4.60,4.50,4.60,0,0,0
MAFPF1,20130103,4.70,4.70,4.60,4.70,21280,4.70,4.70,4.60,4.70,0,0,0
MAFPF1,20130104,4.60,4.80,4.60,4.70,4050,4.60,4.80,4.60,4.70,0,0,20
MAFPF1,20130107,4.60,4.80,4.60,4.80,93480,4.60,4.80,4.60,4.80,0,0,0
MAFPF1,20130108,4.80,5.00,4.80,5.00,76220,4.80,5.00,4.80,5.00,0,0,0
MAFPF1,20130109,5.00,5.20,5.00,5.00,8390,5.00,5.20,5.00,5.00,0,0,0
MAFPF1,20130110,5.00,5.00,4.80,5.00,26100,5.00,5.00,4.80,5.00,0,500,0
MAFPF1,20130111,5.00,5.00,4.90,5.00,4100,5.00,5.00,4.90,5.00,0,0,0
MAFPF1,20130114,4.90,4.90,4.80,4.80,8010,4.90,4.90,4.80,4.80,0,0,0
MAFPF1,20130115,4.90,5.00,4.90,5.00,41140,4.90,5.00,4.90,5.00,0,0,0
MAFPF1,20130116,5.10,5.30,5.10,5.20,5010,5.10,5.30,5.10,5.20,0,0,100
MAFPF1,20130117,5.20,5.20,4.90,4.90,28340,5.20,5.20,4.90,4.90,0,0,0
MAFPF1,20130118,4.90,5.10,4.90,5.10,25370,4.90,5.10,4.90,5.10,0,150,0
MAFPF1,20130121,4.90,5.10,4.90,5.10,23510,4.90,5.10,4.90,5.10,0,150,0
MAFPF1,20130122,5.10,5.10,5.10,5.10,40000,5.10,5.10,5.10,5.10,0,20000,0
MAFPF1,20130123,5.10,5.10,5.00,5.10,54340,5.10,5.10,5.00,5.10,0,23000,200
MAFPF1,20130124,5.00,5.10,5.00,5.10,41620,5.00,5.10,5.00,5.10,0,20000,0
MAFPF1,20130125,5.20,5.20,5.10,5.20,66410,5.20,5.20,5.10,5.20,0,11950,19200
MAFPF1,20130128,5.30,5.50,5.20,5.50,92750,5.30,5.50,5.20,5.50,0,0,0
MAFPF1,20130129,5.50,5.70,5.50,5.70,7070,5.50,5.70,5.50,5.70,0,2050,0
MAFPF1,20130130,5.70,5.80,5.70,5.80,11690,5.70,5.80,5.70,5.80,0,0,0
MAFPF1,20130131,5.80,5.80,5.70,5.70,36410,5.80,5.80,5.70,5.70,0,30300,0
MAFPF1,20130201,5.70,5.80,5.60,5.80,38170,5.70,5.80,5.60,5.80,0,30000,0
MAFPF1,20130204,5.70,5.80,5.70,5.80,610,5.70,5.80,5.70,5.80,0,0,0
MAFPF1,20130205,5.80,5.90,5.70,5.80,23920,5.80,5.90,5.70,5.80,0,17890,0
MAFPF1,20130206,5.90,5.90,5.80,5.90,1260,5.90,5.90,5.80,5.90,0,0,0
MAFPF1,20130207,5.80,5.90,5.70,5.90,11190,5.80,5.90,5.70,5.90,0,0,0
MAFPF1,20130208,5.90,5.90,5.90,5.90,5000,5.90,5.90,5.90,5.90,0,0,0
MAFPF1,20130218,5.50,5.90,5.50,5.90,6130,5.50,5.90,5.50,5.90,0,0,0
MAFPF1,20130219,5.80,6.00,5.80,6.00,155030,5.80,6.00,5.80,6.00,0,0,300
MAFPF1,20130220,5.90,6.00,5.90,6.00,1430,5.90,6.00,5.90,6.00,0,0,0
MAFPF1,20130221,5.90,5.90,5.90,5.90,55090,5.90,5.90,5.90,5.90,0,50000,0
MAFPF1,20130222,6.00,6.00,5.80,5.90,66600,6.00,6.00,5.80,5.90,0,15990,0
MAFPF1,20130225,5.90,6.00,5.90,6.00,19880,5.90,6.00,5.90,6.00,0,0,0
MAFPF1,20130226,5.90,6.00,5.80,5.90,93070,5.90,6.00,5.80,5.90,0,45000,0
MAFPF1,20130227,5.80,5.80,5.70,5.70,11120,5.80,5.80,5.70,5.70,0,0,0
MAFPF1,20130228,5.70,5.90,5.60,5.90,720,5.70,5.90,5.60,5.90,0,0,0
MAFPF1,20130301,6.00,6.00,6.00,6.00,60,6.00,6.00,6.00,6.00,0,0,0
MAFPF1,20130304,5.80,5.80,5.70,5.80,13010,5.80,5.80,5.70,5.80,0,1000,0
MAFPF1,20130305,5.70,5.70,5.60,5.70,20740,5.70,5.70,5.60,5.70,0,10700,0
MAFPF1,20130306,5.70,5.80,5.70,5.80,15010,5.70,5.80,5.70,5.80,0,0,0
MAFPF1,20130307,5.80,5.80,5.80,5.80,1440,5.80,5.80,5.80,5.80,0,0,0
MAFPF1,20130308,5.70,5.70,5.70,5.70,3070,5.70,5.70,5.70,5.70,0,3070,0
MAFPF1,20130311,5.70,5.90,5.70,5.90,35960,5.70,5.90,5.70,5.90,0,10000,0
MAFPF1,20130312,5.90,5.90,5.90,5.90,5950,5.90,5.90,5.90,5.90,0,0,500
MAFPF1,20130313,5.90,6.20,5.90,6.20,27820,5.90,6.20,5.90,6.20,0,0,1000
MAFPF1,20130314,6.20,6.30,6.10,6.20,55320,6.20,6.30,6.10,6.20,0,0,0
MAFPF1,20130315,6.00,6.50,6.00,6.50,56920,6.00,6.50,6.00,6.50,0,500,0
MAFPF1,20130318,6.50,6.50,6.40,6.50,9120,6.50,6.50,6.40,6.50,0,0,0
MAFPF1,20130319,6.50,6.60,6.40,6.50,12240,6.50,6.60,6.40,6.50,0,0,3000
MAFPF1,20130320,6.50,6.60,6.50,6.60,22380,6.50,6.60,6.50,6.60,0,0,0
MAFPF1,20130321,6.60,6.70,6.60,6.60,47910,6.60,6.70,6.60,6.60,0,0,300
MAFPF1,20130322,6.70,6.80,6.60,6.80,16050,6.70,6.80,6.60,6.80,0,0,0
MAFPF1,20130325,6.70,6.70,6.50,6.50,6560,6.70,6.70,6.50,6.50,0,0,0
MAFPF1,20130326,6.60,6.80,6.60,6.70,18740,6.60,6.80,6.60,6.70,0,0,200
MAFPF1,20130327,6.70,6.70,6.60,6.70,54230,6.70,6.70,6.60,6.70,0,0,0
MAFPF1,20130328,6.70,6.70,6.70,6.70,11250,6.70,6.70,6.70,6.70,0,0,0
MAFPF1,20130329,6.40,6.70,6.30,6.70,274200,6.40,6.70,6.30,6.70,0,0,0
MAFPF1,20130401,6.30,6.80,6.30,6.80,136250,6.30,6.80,6.30,6.80,0,0,0
MAFPF1,20130402,6.80,6.80,6.60,6.70,1910,6.80,6.80,6.60,6.70,0,0,0
MAFPF1,20130403,6.30,6.70,6.30,6.60,106800,6.30,6.70,6.30,6.60,0,0,0
MAFPF1,20130404,6.40,6.50,6.40,6.50,210,6.40,6.50,6.40,6.50,0,110,0
MAFPF1,20130405,6.10,6.50,6.10,6.50,19940,6.10,6.50,6.10,6.50,0,0,0
MAFPF1,20130408,6.50,6.50,6.50,6.50,15360,6.50,6.50,6.50,6.50,0,0,0
MAFPF1,20130409,6.50,6.60,6.50,6.60,10500,6.50,6.60,6.50,6.60,0,0,0
MAFPF1,20130410,6.60,6.60,6.50,6.50,31090,6.60,6.60,6.50,6.50,0,0,110
MAFPF1,20130411,6.50,6.50,6.50,6.50,102680,6.50,6.50,6.50,6.50,0,31680,0
MAFPF1,20130412,6.50,6.50,6.50,6.50,73450,6.50,6.50,6.50,6.50,0,23450,9000
MAFPF1,20130415,6.50,6.50,6.50,6.50,49980,6.50,6.50,6.50,6.50,0,49980,0
MAFPF1,20130416,6.50,6.50,6.50,6.50,2000,6.50,6.50,6.50,6.50,0,0,0
MAFPF1,20130422,6.30,6.50,6.30,6.50,6000,6.30,6.50,6.30,6.50,0,0,0
MAFPF1,20130423,6.20,6.20,6.20,6.20,3500,6.20,6.20,6.20,6.20,0,0,0
MAFPF1,20130424,6.20,6.20,6.20,6.20,2500,6.20,6.20,6.20,6.20,0,0,0
MAFPF1,20130425,6.20,6.40,6.20,6.40,3700,6.20,6.40,6.20,6.40,0,0,0
MAFPF1,20130426,6.40,6.40,6.30,6.30,12100,6.40,6.40,6.30,6.30,0,0,0
MAFPF1,20130502,6.40,6.40,6.40,6.40,2570,6.40,6.40,6.40,6.40,0,0,0
MAFPF1,20130506,6.40,6.50,6.40,6.40,1100,6.40,6.50,6.40,6.40,0,0,0
MAFPF1,20130507,6.40,6.40,6.40,6.40,1050,6.40,6.40,6.40,6.40,0,0,50
MAFPF1,20130508,6.30,6.30,6.30,6.30,10400,6.30,6.30,6.30,6.30,0,0,0
MAFPF1,20130509,6.30,6.70,6.30,6.70,1010,6.30,6.70,6.30,6.70,0,0,0
MAFPF1,20130510,6.40,6.40,6.40,6.40,750,6.40,6.40,6.40,6.40,0,0,0
MAFPF1,20130513,6.50,6.50,6.50,6.50,1300,6.50,6.50,6.50,6.50,0,0,0
MAFPF1,20130514,6.40,6.50,6.40,6.50,6300,6.40,6.50,6.40,6.50,0,0,0
MAFPF1,20130515,6.40,6.40,6.40,6.40,12000,6.40,6.40,6.40,6.40,0,0,0
MAFPF1,20130516,6.50,6.50,6.50,6.50,8000,6.50,6.50,6.50,6.50,0,0,0
MAFPF1,20130517,6.50,6.50,6.50,6.50,23500,6.50,6.50,6.50,6.50,0,0,0
MAFPF1,20130520,6.50,6.50,6.40,6.50,31120,6.50,6.50,6.40,6.50,0,0,0
MAFPF1,20130521,6.60,6.60,6.60,6.60,8000,6.60,6.60,6.60,6.60,0,0,0
MAFPF1,20130522,6.60,6.70,6.60,6.60,57050,6.60,6.70,6.60,6.60,0,0,0
MAFPF1,20130523,6.60,6.60,6.60,6.60,480,6.60,6.60,6.60,6.60,0,0,0
MAFPF1,20130524,6.70,6.70,6.70,6.70,181920,6.70,6.70,6.70,6.70,0,0,0
MAFPF1,20130527,6.70,6.70,6.70,6.70,213430,6.70,6.70,6.70,6.70,0,0,0
MAFPF1,20130528,6.70,6.80,6.70,6.80,80000,6.70,6.80,6.70,6.80,0,0,0
MAFPF1,20130529,6.90,6.90,6.80,6.90,15600,6.90,6.90,6.80,6.90,0,0,0
MAFPF1,20130530,6.90,6.90,6.80,6.90,40460,6.90,6.90,6.80,6.90,0,1500,0
MAFPF1,20130531,6.80,6.90,6.80,6.90,82120,6.80,6.90,6.80,6.90,0,0,0
MAFPF1,20130603,6.80,6.90,6.80,6.90,130,6.80,6.90,6.80,6.90,0,0,0
MAFPF1,20130604,6.80,7.00,6.80,7.00,57080,6.80,7.00,6.80,7.00,0,0,0
MAFPF1,20130605,7.00,7.20,7.00,7.20,44080,7.00,7.20,7.00,7.20,0,0,1500
MAFPF1,20130606,7.20,7.20,7.20,7.20,36360,7.20,7.20,7.20,7.20,0,0,0
MAFPF1,20130607,7.20,7.20,7.20,7.20,44060,7.20,7.20,7.20,7.20,0,0,0
MAFPF1,20130610,7.20,7.30,7.20,7.30,20190,7.20,7.30,7.20,7.30,0,0,0
MAFPF1,20130611,7.30,7.30,7.30,7.30,8600,7.30,7.30,7.30,7.30,0,0,0
MAFPF1,20130612,7.30,7.30,7.20,7.30,32800,7.30,7.30,7.20,7.30,0,0,0
MAFPF1,20130613,7.20,7.20,7.20,7.20,27800,7.20,7.20,7.20,7.20,0,0,0
MAFPF1,20130614,7.20,7.20,7.10,7.20,25980,7.20,7.20,7.10,7.20,0,0,0
MAFPF1,20130617,7.10,7.20,7.10,7.10,72280,7.10,7.20,7.10,7.10,0,0,0
MAFPF1,20130618,7.10,7.10,7.10,7.10,10050,7.10,7.10,7.10,7.10,0,0,0
MAFPF1,20130619,7.50,7.50,7.30,7.30,3090,7.50,7.50,7.30,7.30,0,0,0
MAFPF1,20130620,7.20,7.20,7.10,7.20,9520,7.20,7.20,7.10,7.20,0,0,0
MAFPF1,20130621,7.10,7.10,7.10,7.10,1700,7.10,7.10,7.10,7.10,0,0,0
MAFPF1,20130624,7.10,7.10,7.10,7.10,2000,7.10,7.10,7.10,7.10,0,0,0
MAFPF1,20130625,6.70,6.90,6.70,6.90,36990,6.70,6.90,6.70,6.90,0,0,0
MAFPF1,20130626,7.20,7.20,7.20,7.20,10,7.20,7.20,7.20,7.20,0,0,0
MAFPF1,20130627,6.90,7.00,6.90,7.00,21500,6.90,7.00,6.90,7.00,0,0,0
MAFPF1,20130628,7.00,7.10,7.00,7.00,3140,7.00,7.10,7.00,7.00,0,0,0
MAFPF1,20130701,7.00,7.00,6.90,6.90,1070,7.00,7.00,6.90,6.90,0,0,0
MAFPF1,20130702,7.00,7.00,7.00,7.00,10,7.00,7.00,7.00,7.00,0,0,0
MAFPF1,20130703,7.00,7.10,7.00,7.10,232510,7.00,7.10,7.00,7.10,0,0,0
MAFPF1,20130704,6.90,7.00,6.90,7.00,6020,6.90,7.00,6.90,7.00,0,0,0
MAFPF1,20130705,6.90,6.90,6.90,6.90,10000,6.90,6.90,6.90,6.90,0,0,0
MAFPF1,20130708,6.90,7.00,6.90,7.00,60020,6.90,7.00,6.90,7.00,0,0,0
MAFPF1,20130709,6.90,7.00,6.90,7.00,20,6.90,7.00,6.90,7.00,0,0,0
MAFPF1,20130710,6.90,6.90,6.90,6.90,80140,6.90,6.90,6.90,6.90,0,0,0
MAFPF1,20130711,6.90,7.00,6.90,7.00,140,6.90,7.00,6.90,7.00,0,0,0
MAFPF1,20130712,6.90,7.00,6.90,7.00,40220,6.90,7.00,6.90,7.00,0,0,0
MAFPF1,20130715,7.00,7.10,7.00,7.10,12200,7.00,7.10,7.00,7.10,0,0,0
MAFPF1,20130716,7.00,7.00,7.00,7.00,250,7.00,7.00,7.00,7.00,0,0,0
MAFPF1,20130717,7.10,7.10,7.10,7.10,15700,7.10,7.10,7.10,7.10,0,0,0
MAFPF1,20130718,7.10,7.10,7.00,7.00,3770,7.10,7.10,7.00,7.00,0,0,0
MAFPF1,20130719,7.10,7.20,7.10,7.20,148190,7.10,7.20,7.10,7.20,0,0,0
MAFPF1,20130722,7.10,7.10,7.00,7.00,7690,7.10,7.10,7.00,7.00,0,0,0
MAFPF1,20130723,7.10,7.10,7.10,7.10,42700,7.10,7.10,7.10,7.10,0,0,0
MAFPF1,20130724,7.10,7.10,7.10,7.10,21800,7.10,7.10,7.10,7.10,0,0,0
MAFPF1,20130725,7.10,7.10,7.10,7.10,59200,7.10,7.10,7.10,7.10,0,0,0
MAFPF1,20130726,7.10,7.10,7.10,7.10,40000,7.10,7.10,7.10,7.10,0,0,0
MAFPF1,20130729,7.10,7.10,7.00,7.00,32620,7.10,7.10,7.00,7.00,0,0,0
MAFPF1,20130730,7.00,7.00,7.00,7.00,34000,7.00,7.00,7.00,7.00,0,0,0
MAFPF1,20130731,7.10,7.10,7.10,7.10,10,7.10,7.10,7.10,7.10,0,0,0
MAFPF1,20130801,7.00,7.00,7.00,7.00,700,7.00,7.00,7.00,7.00,0,0,0
MAFPF1,20130802,7.00,7.00,7.00,7.00,1000,7.00,7.00,7.00,7.00,0,0,1000
MAFPF1,20130805,7.00,7.10,7.00,7.10,1250,7.00,7.10,7.00,7.10,0,0,0
MAFPF1,20130806,7.10,7.10,7.10,7.10,16390,7.10,7.10,7.10,7.10,0,0,0
MAFPF1,20130807,7.20,7.20,7.10,7.10,12650,7.20,7.20,7.10,7.10,0,0,0
MAFPF1,20130808,7.10,7.10,7.10,7.10,2700,7.10,7.10,7.10,7.10,0,0,0
MAFPF1,20130809,7.10,7.10,7.10,7.10,15000,7.10,7.10,7.10,7.10,0,0,0
MAFPF1,20130812,7.10,7.10,7.10,7.10,38980,7.10,7.10,7.10,7.10,0,0,0
MAFPF1,20130813,7.10,7.10,7.10,7.10,38020,7.10,7.10,7.10,7.10,0,0,0
MAFPF1,20130814,7.10,7.10,7.00,7.10,15250,7.10,7.10,7.00,7.10,0,0,0
MAFPF1,20130815,7.10,7.10,7.10,7.10,51950,7.10,7.10,7.10,7.10,0,0,0
MAFPF1,20130816,7.10,7.10,7.10,7.10,9110,7.10,7.10,7.10,7.10,0,0,0
MAFPF1,20130819,7.10,7.20,7.10,7.20,26000,7.10,7.20,7.10,7.20,0,0,0
MAFPF1,20130820,7.20,7.20,7.10,7.10,6440,7.20,7.20,7.10,7.10,0,0,0
MAFPF1,20130821,7.10,7.10,7.10,7.10,9520,7.10,7.10,7.10,7.10,0,0,0
MAFPF1,20130822,7.10,7.10,7.10,7.10,290,7.10,7.10,7.10,7.10,0,0,0
MAFPF1,20130823,7.10,7.10,7.00,7.00,6500,7.10,7.10,7.00,7.00,0,0,0
MAFPF1,20130826,7.00,7.00,7.00,7.00,4000,7.00,7.00,7.00,7.00,0,0,0
MAFPF1,20130827,7.10,7.20,7.10,7.10,3030,7.10,7.20,7.10,7.10,0,0,1000
MAFPF1,20130828,7.10,7.10,7.00,7.00,13380,7.10,7.10,7.00,7.00,0,0,0
MAFPF1,20130829,7.00,7.00,7.00,7.00,100,7.00,7.00,7.00,7.00,0,0,0
MAFPF1,20130830,7.00,7.00,6.90,7.00,43460,7.00,7.00,6.90,7.00,0,0,0
MAFPF1,20130903,7.00,7.10,7.00,7.10,3930,7.00,7.10,7.00,7.10,0,0,0
MAFPF1,20130904,7.00,7.00,7.00,7.00,21010,7.00,7.00,7.00,7.00,0,0,9000
MAFPF1,20130905,7.00,7.00,7.00,7.00,68120,7.00,7.00,7.00,7.00,0,0,0
MAFPF1,20130906,7.00,7.00,7.00,7.00,50000,7.00,7.00,7.00,7.00,0,0,0
MAFPF1,20130909,7.00,7.10,7.00,7.00,38720,7.00,7.10,7.00,7.00,0,0,0
MAFPF1,20130910,7.10,7.10,7.10,7.10,24970,7.10,7.10,7.10,7.10,0,0,0
MAFPF1,20130911,7.10,7.10,7.10,7.10,18030,7.10,7.10,7.10,7.10,0,0,0
MAFPF1,20130913,7.10,7.10,7.10,7.10,1360,7.10,7.10,7.10,7.10,0,0,0
MAFPF1,20130916,7.00,7.00,7.00,7.00,500,7.00,7.00,7.00,7.00,0,0,0
MAFPF1,20130917,7.00,7.00,7.00,7.00,35000,7.00,7.00,7.00,7.00,0,0,0
MAFPF1,20130918,7.00,7.00,7.00,7.00,20000,7.00,7.00,7.00,7.00,0,0,0
MAFPF1,20130919,7.00,7.00,7.00,7.00,20000,7.00,7.00,7.00,7.00,0,0,0
MAFPF1,20130920,7.00,7.00,7.00,7.00,2200,7.00,7.00,7.00,7.00,0,0,0
MAFPF1,20130923,7.00,7.00,7.00,7.00,300,7.00,7.00,7.00,7.00,0,0,0
MAFPF1,20130924,7.00,7.10,7.00,7.10,21900,7.00,7.10,7.00,7.10,0,0,500
MAFPF1,20130925,7.10,7.10,7.10,7.10,3050,7.10,7.10,7.10,7.10,0,0,0
MAFPF1,20130926,7.10,7.10,7.10,7.10,27000,7.10,7.10,7.10,7.10,0,0,0
MAFPF1,20130927,7.10,7.10,7.10,7.10,19000,7.10,7.10,7.10,7.10,0,0,0
MAFPF1,20130930,7.10,7.10,7.10,7.10,6600,7.10,7.10,7.10,7.10,0,0,0
MAFPF1,20131001,7.20,7.20,7.10,7.10,9400,7.20,7.20,7.10,7.10,0,0,0
MAFPF1,20131002,7.10,7.20,7.10,7.20,3700,7.10,7.20,7.10,7.20,0,0,0
MAFPF1,20131004,7.20,7.20,7.20,7.20,47630,7.20,7.20,7.20,7.20,0,0,7300
MAFPF1,20131007,7.20,7.30,7.20,7.30,210,7.20,7.30,7.20,7.30,0,0,0
MAFPF1,20131008,7.20,7.30,7.20,7.20,5220,7.20,7.30,7.20,7.20,0,0,0
MAFPF1,20131010,7.20,7.20,7.20,7.20,3000,7.20,7.20,7.20,7.20,0,0,0
MAFPF1,20131011,7.60,7.60,7.60,7.60,300,7.60,7.60,7.60,7.60,0,0,0
MAFPF1,20131015,7.20,7.20,7.20,7.20,2100,7.20,7.20,7.20,7.20,0,0,0
MAFPF1,20131018,7.20,7.20,7.20,7.20,110,7.20,7.20,7.20,7.20,0,0,0
MAFPF1,20131021,7.40,7.40,7.40,7.40,5100,7.40,7.40,7.40,7.40,0,0,0
MAFPF1,20131023,7.40,7.50,7.40,7.50,5400,7.40,7.50,7.40,7.50,0,0,0
MAFPF1,20131024,7.50,7.50,7.40,7.40,3330,7.50,7.50,7.40,7.40,0,0,0
MAFPF1,20131025,7.40,7.50,7.40,7.50,2090,7.40,7.50,7.40,7.50,0,0,0
MAFPF1,20131028,7.50,7.50,7.50,7.50,2260,7.50,7.50,7.50,7.50,0,0,0
MAFPF1,20131030,7.50,7.50,7.50,7.50,2000,7.50,7.50,7.50,7.50,0,0,0
MAFPF1,20131031,7.50,7.50,7.50,7.50,12450,7.50,7.50,7.50,7.50,0,0,0
MAFPF1,20131101,7.50,7.60,7.50,7.60,9600,7.50,7.60,7.50,7.60,0,0,1000
MAFPF1,20131104,7.60,7.60,7.60,7.60,10700,7.60,7.60,7.60,7.60,0,0,0
MAFPF1,20131105,7.60,7.60,7.50,7.60,21200,7.60,7.60,7.50,7.60,0,0,0
MAFPF1,20131106,7.60,7.70,7.60,7.70,21000,7.60,7.70,7.60,7.70,0,0,0
MAFPF1,20131107,7.70,7.80,7.60,7.80,62700,7.70,7.80,7.60,7.80,0,0,0
MAFPF1,20131108,7.80,7.90,7.80,7.90,2010,7.80,7.90,7.80,7.90,0,0,0
MAFPF1,20131111,7.90,8.00,7.90,8.00,2420,7.90,8.00,7.90,8.00,0,0,0
MAFPF1,20131112,8.00,8.10,8.00,8.00,12470,8.00,8.10,8.00,8.00,0,0,0
MAFPF1,20131113,8.10,8.10,8.10,8.10,100,8.10,8.10,8.10,8.10,0,0,0
MAFPF1,20131114,8.00,8.10,8.00,8.10,8010,8.00,8.10,8.00,8.10,0,0,0
MAFPF1,20131118,8.10,8.10,8.10,8.10,4700,8.10,8.10,8.10,8.10,0,0,2000
MAFPF1,20131119,8.00,8.10,8.00,8.10,2670,8.00,8.10,8.00,8.10,0,0,0
MAFPF1,20131120,8.10,8.20,8.10,8.20,14100,8.10,8.20,8.10,8.20,0,0,0
MAFPF1,20131121,8.20,8.20,8.20,8.20,1000,8.20,8.20,8.20,8.20,0,0,0
MAFPF1,20131125,8.20,8.20,8.10,8.10,1040,8.20,8.20,8.10,8.10,0,0,0
MAFPF1,20131126,8.20,8.20,8.10,8.10,40,8.20,8.20,8.10,8.10,0,0,0
MAFPF1,20131127,8.10,8.10,8.10,8.10,22000,8.10,8.10,8.10,8.10,0,0,0
MAFPF1,20131128,8.10,8.10,8.10,8.10,9000,8.10,8.10,8.10,8.10,0,0,0
MAFPF1,20131202,8.10,8.10,8.10,8.10,5250,8.10,8.10,8.10,8.10,0,0,0
MAFPF1,20131204,8.20,8.20,8.10,8.10,10260,8.20,8.20,8.10,8.10,0,0,0
MAFPF1,20131205,8.10,8.20,8.10,8.20,960,8.10,8.20,8.10,8.20,0,0,0
MAFPF1,20131206,8.10,8.20,8.10,8.10,210,8.10,8.20,8.10,8.10,0,0,0
MAFPF1,20131209,8.20,8.20,8.20,8.20,1330,8.20,8.20,8.20,8.20,0,0,0
MAFPF1,20131210,8.20,8.20,8.10,8.10,810,8.20,8.20,8.10,8.10,0,0,0
MAFPF1,20131211,8.10,8.10,8.10,8.10,6340,8.10,8.10,8.10,8.10,0,0,0
MAFPF1,20131212,8.00,8.00,8.00,8.00,1660,8.00,8.00,8.00,8.00,0,0,0
MAFPF1,20131213,8.10,8.10,8.00,8.00,810,8.10,8.10,8.00,8.00,0,0,0
MAFPF1,20131216,8.00,8.00,8.00,8.00,50,8.00,8.00,8.00,8.00,0,0,0
MAFPF1,20131218,8.00,8.10,8.10,8.10,3550,8.00,8.10,8.10,8.10,0,0,0
MAFPF1,20131219,8.00,8.10,8.00,8.10,4020,8.00,8.10,8.00,8.10,0,0,0
MAFPF1,20131220,8.00,8.10,8.00,8.10,1800,8.00,8.10,8.00,8.10,0,0,0
MAFPF1,20131223,8.10,8.10,8.10,8.10,510,8.10,8.10,8.10,8.10,0,0,0
MAFPF1,20131224,8.10,8.10,8.10,8.10,2000,8.10,8.10,8.10,8.10,0,0,1000
MAFPF1,20131225,8.10,8.10,8.10,8.10,2000,8.10,8.10,8.10,8.10,0,0,0
MAFPF1,20131226,8.20,8.20,8.20,8.20,1520,8.20,8.20,8.20,8.20,0,0,0
MAFPF1,20131227,8.10,8.10,8.10,8.10,1020,8.10,8.10,8.10,8.10,0,0,1000
MAFPF1,20131230,8.30,8.30,8.10,8.10,7560,8.30,8.30,8.10,8.10,0,0,0
MAFPF1,20140102,8.10,8.20,8.10,8.20,12000,8.10,8.20,8.10,8.20,0,0,11000
MAFPF1,20140106,8.20,8.20,8.20,8.20,800,8.20,8.20,8.20,8.20,0,0,0
MAFPF1,20140107,8.30,8.30,8.30,8.30,4400,8.30,8.30,8.30,8.30,0,0,0
MAFPF1,20140109,8.20,8.20,8.20,8.20,200,8.20,8.20,8.20,8.20,0,0,0
MAFPF1,20140110,8.30,8.30,8.30,8.30,50,8.30,8.30,8.30,8.30,0,0,0
MAFPF1,20140113,8.30,8.30,8.30,8.30,1900,8.30,8.30,8.30,8.30,0,0,0
MAFPF1,20140114,8.40,8.40,8.40,8.40,940,8.40,8.40,8.40,8.40,0,0,0
MAFPF1,20140115,8.50,8.50,8.40,8.40,520,8.50,8.50,8.40,8.40,0,0,0
MAFPF1,20140116,8.40,8.40,8.40,8.40,500,8.40,8.40,8.40,8.40,0,0,0
MAFPF1,20140120,8.50,8.50,8.50,8.50,1000,8.50,8.50,8.50,8.50,0,0,0
MAFPF1,20140121,8.50,8.50,8.50,8.50,820,8.50,8.50,8.50,8.50,0,0,0
MAFPF1,20140122,9.00,9.00,9.00,9.00,1800,9.00,9.00,9.00,9.00,0,0,0
MAFPF1,20140123,8.50,8.50,8.50,8.50,100,8.50,8.50,8.50,8.50,0,0,0
MAFPF1,20140124,8.90,8.90,8.90,8.90,100,8.90,8.90,8.90,8.90,0,0,0
MAFPF1,20140206,8.90,8.70,8.70,8.70,20,8.90,8.70,8.70,8.70,0,0,0
MAFPF1,20140207,8.70,8.70,8.70,8.70,600,8.70,8.70,8.70,8.70,0,0,0
MAFPF1,20140210,9.00,9.10,8.80,9.10,2300,9.00,9.10,8.80,9.10,0,0,0
MAFPF1,20140211,9.20,9.20,9.20,9.20,10,9.20,9.20,9.20,9.20,0,0,0
MAFPF1,20140212,9.00,9.10,9.00,9.00,8030,9.00,9.10,9.00,9.00,0,0,0
MAFPF1,20140213,9.30,9.30,9.30,9.30,10,9.30,9.30,9.30,9.30,0,0,0
MAFPF1,20140214,9.90,9.90,9.00,9.00,40,9.90,9.90,9.00,9.00,0,0,0
MAFPF1,20140217,9.60,9.60,9.20,9.20,16100,9.60,9.60,9.20,9.20,0,0,0
MAFPF1,20140218,9.20,9.20,9.20,9.20,128130,9.20,9.20,9.20,9.20,0,0,0
MAFPF1,20140219,9.20,9.30,9.20,9.30,15630,9.20,9.30,9.20,9.30,0,0,0
MAFPF1,20140220,9.30,9.30,9.30,9.30,14980,9.30,9.30,9.30,9.30,0,0,0
MAFPF1,20140221,9.30,9.40,9.30,9.30,250,9.30,9.40,9.30,9.30,0,0,0
MAFPF1,20140224,9.30,9.40,9.30,9.30,1520,9.30,9.40,9.30,9.30,0,0,0
MAFPF1,20140225,9.30,9.60,9.30,9.30,610,9.30,9.60,9.30,9.30,0,0,0
MAFPF1,20140226,9.30,9.30,9.30,9.30,9130,9.30,9.30,9.30,9.30,0,10,0
MAFPF1,20140227,9.30,9.40,9.30,9.40,38810,9.30,9.40,9.30,9.40,0,0,33000
MAFPF1,20140228,9.40,9.50,9.40,9.40,101940,9.40,9.50,9.40,9.40,0,0,65800
MAFPF1,20140303,9.40,9.40,9.40,9.40,20500,9.40,9.40,9.40,9.40,0,0,0
MAFPF1,20140304,9.40,9.60,9.40,9.40,35180,9.40,9.60,9.40,9.40,0,0,0
MAFPF1,20140305,9.40,9.40,9.40,9.40,52000,9.40,9.40,9.40,9.40,0,0,0
MAFPF1,20140306,9.40,9.50,9.50,9.50,15080,9.40,9.50,9.50,9.50,0,0,0
MAFPF1,20140307,9.50,9.50,9.40,9.40,20590,9.50,9.50,9.40,9.40,0,0,0
MAFPF1,20140310,9.50,9.50,9.50,9.50,1550,9.50,9.50,9.50,9.50,0,0,0
MAFPF1,20140311,9.50,9.60,9.50,9.50,47040,9.50,9.60,9.50,9.50,0,0,0
MAFPF1,20140312,9.50,9.70,9.50,9.60,900,9.50,9.70,9.50,9.60,0,0,0
MAFPF1,20140313,9.60,9.60,9.60,9.60,5240,9.60,9.60,9.60,9.60,0,0,0
MAFPF1,20140314,9.70,9.80,9.60,9.60,50790,9.70,9.80,9.60,9.60,0,0,0
MAFPF1,20140317,9.70,9.80,9.70,9.70,9050,9.70,9.80,9.70,9.70,0,0,0
MAFPF1,20140318,9.70,9.80,9.70,9.70,13020,9.70,9.80,9.70,9.70,0,0,0
MAFPF1,20140319,9.80,9.80,9.70,9.80,64120,9.80,9.80,9.70,9.80,0,0,0
MAFPF1,20140320,9.80,9.80,9.70,9.80,26130,9.80,9.80,9.70,9.80,0,0,0
MAFPF1,20140324,9.80,10.40,9.80,10.00,14290,9.80,10.40,9.80,10.00,0,0,0
MAFPF1,20140325,10.00,10.10,10.00,10.10,5320,10.00,10.10,10.00,10.10,0,0,0
MAFPF1,20140326,10.00,10.10,9.90,10.10,20130,10.00,10.10,9.90,10.10,0,0,0
MAFPF1,20140327,10.00,10.00,10.00,10.00,5500,10.00,10.00,10.00,10.00,0,0,0
MAFPF1,20140328,10.00,10.00,10.00,10.00,3230,10.00,10.00,10.00,10.00,0,0,0
MAFPF1,20140331,10.00,10.00,10.00,10.00,7070,10.00,10.00,10.00,10.00,0,0,0
MAFPF1,20140401,9.90,10.00,9.90,10.00,29600,9.90,10.00,9.90,10.00,0,0,0
MAFPF1,20140402,9.90,9.90,9.90,9.90,12420,9.90,9.90,9.90,9.90,0,0,0
MAFPF1,20140403,9.80,9.90,9.80,9.90,9600,9.80,9.90,9.80,9.90,0,0,0
MAFPF1,20140404,10.00,10.00,10.00,10.00,8300,10.00,10.00,10.00,10.00,0,0,0
MAFPF1,20140407,10.00,10.00,10.00,10.00,18020,10.00,10.00,10.00,10.00,0,0,0
MAFPF1,20140408,10.00,10.10,10.00,10.10,12170,10.00,10.10,10.00,10.10,0,0,0
MAFPF1,20140410,10.00,10.10,10.00,10.10,20,10.00,10.10,10.00,10.10,0,0,0
MAFPF1,20140411,10.10,10.10,10.10,10.10,20,10.10,10.10,10.10,10.10,0,0,0
MAFPF1,20140414,10.10,10.10,10.10,10.10,18000,10.10,10.10,10.10,10.10,0,0,5000
MAFPF1,20140415,10.00,10.10,10.00,10.10,13500,10.00,10.10,10.00,10.10,0,0,0
MAFPF1,20140416,10.10,10.10,10.00,10.00,3750,10.10,10.10,10.00,10.00,0,0,0
MAFPF1,20140418,10.00,10.00,9.90,10.00,9100,10.00,10.00,9.90,10.00,0,0,0
MAFPF1,20140421,9.70,9.90,9.70,9.90,40,9.70,9.90,9.70,9.90,0,0,0
MAFPF1,20140422,9.90,9.90,9.90,9.90,8010,9.90,9.90,9.90,9.90,0,0,0
MAFPF1,20140423,10.10,10.10,10.10,10.10,24020,10.10,10.10,10.10,10.10,0,0,0
MAFPF1,20140424,10.10,10.10,10.10,10.10,19380,10.10,10.10,10.10,10.10,0,0,0
MAFPF1,20140425,10.00,10.20,10.00,10.20,8000,10.00,10.20,10.00,10.20,0,0,0
MAFPF1,20140429,10.00,10.20,10.00,10.20,5010,10.00,10.20,10.00,10.20,0,0,0
MAFPF1,20140505,10.00,10.00,9.90,9.90,3010,10.00,10.00,9.90,9.90,0,0,0
MAFPF1,20140506,9.90,9.90,9.90,9.90,520,9.90,9.90,9.90,9.90,0,0,0
MAFPF1,20140507,10.00,10.00,10.00,10.00,500,10.00,10.00,10.00,10.00,0,0,0
MAFPF1,20140508,9.80,9.80,9.80,9.80,2300,9.80,9.80,9.80,9.80,0,0,0
MAFPF1,20140509,9.20,9.70,9.20,9.50,24890,9.20,9.70,9.20,9.50,0,0,0
MAFPF1,20140512,9.50,9.50,9.40,9.40,15000,9.50,9.50,9.40,9.40,0,0,0
MAFPF1,20140513,9.50,9.50,9.40,9.40,15000,9.50,9.50,9.40,9.40,0,0,0
MAFPF1,20140514,9.10,9.10,9.10,9.10,100090,9.10,9.10,9.10,9.10,0,0,0
MAFPF1,20140515,9.20,9.20,9.20,9.20,12990,9.20,9.20,9.20,9.20,0,0,0
MAFPF1,20140516,9.30,9.30,9.20,9.30,3170,9.30,9.30,9.20,9.30,0,0,0
MAFPF1,20140519,9.30,9.30,9.30,9.30,500,9.30,9.30,9.30,9.30,0,0,0
MAFPF1,20140521,9.30,9.30,9.30,9.30,4900,9.30,9.30,9.30,9.30,0,0,0
MAFPF1,20140522,9.40,9.60,9.40,9.60,60,9.40,9.60,9.40,9.60,0,0,0
MAFPF1,20140526,9.90,9.90,9.90,9.90,100,9.90,9.90,9.90,9.90,0,0,0
MAFPF1,20140527,9.40,9.40,9.40,9.40,11300,9.40,9.40,9.40,9.40,0,0,0
MAFPF1,20140529,9.70,9.80,9.70,9.80,280,9.70,9.80,9.70,9.80,0,0,0
MAFPF1,20140530,9.80,9.80,9.60,9.80,10500,9.80,9.80,9.60,9.80,0,0,0
MAFPF1,20140603,9.80,9.80,9.80,9.80,110,9.80,9.80,9.80,9.80,0,0,0
MAFPF1,20140604,9.80,9.80,9.80,9.80,1740,9.80,9.80,9.80,9.80,0,0,0
MAFPF1,20140605,9.80,9.70,9.70,9.70,10,9.80,9.70,9.70,9.70,0,0,0
MAFPF1,20140606,9.50,9.50,9.50,9.50,1800,9.50,9.50,9.50,9.50,0,0,0
MAFPF1,20140609,9.50,10.10,9.50,10.10,510,9.50,10.10,9.50,10.10,0,0,0
MAFPF1,20140610,9.50,9.60,9.50,9.60,35450,9.50,9.60,9.50,9.60,0,0,0
MAFPF1,20140611,9.60,9.70,9.60,9.70,22010,9.60,9.70,9.60,9.70,0,0,0
MAFPF1,20140612,9.60,9.60,9.60,9.60,4150,9.60,9.60,9.60,9.60,0,0,0
MAFPF1,20140613,9.60,9.70,9.60,9.60,27830,9.60,9.70,9.60,9.60,0,0,0
MAFPF1,20140617,9.60,9.60,9.60,9.60,210,9.60,9.60,9.60,9.60,0,0,0
MAFPF1,20140618,9.60,9.60,9.60,9.60,1240,9.60,9.60,9.60,9.60,0,0,0
MAFPF1,20140620,9.60,9.70,9.70,9.70,10,9.60,9.70,9.70,9.70,0,0,0
MAFPF1,20140623,9.60,9.60,9.60,9.60,10,9.60,9.60,9.60,9.60,0,0,0
MAFPF1,20140624,9.60,9.70,9.60,9.60,22670,9.60,9.70,9.60,9.60,0,0,0
MAFPF1,20140625,9.60,9.70,9.60,9.70,13700,9.60,9.70,9.60,9.70,0,0,0
MAFPF1,20140626,9.80,9.80,9.80,9.80,5000,9.80,9.80,9.80,9.80,0,0,5000
MAFPF1,20140627,9.70,9.70,9.70,9.70,160,9.70,9.70,9.70,9.70,0,0,0
MAFPF1,20140630,9.70,9.70,9.70,9.70,4100,9.70,9.70,9.70,9.70,0,0,0
MAFPF1,20140701,9.70,9.80,9.70,9.70,13120,9.70,9.80,9.70,9.70,0,0,5000
MAFPF1,20140702,9.70,10.00,9.70,9.70,4920,9.70,10.00,9.70,9.70,0,0,0
MAFPF1,20140703,9.70,9.80,9.80,9.80,2050,9.70,9.80,9.80,9.80,0,0,0
MAFPF1,20140704,9.80,9.80,9.70,9.70,20010,9.80,9.80,9.70,9.70,0,0,0
MAFPF1,20140708,9.70,9.70,9.70,9.70,5000,9.70,9.70,9.70,9.70,0,0,5000
MAFPF1,20140709,9.80,9.80,9.80,9.80,5000,9.80,9.80,9.80,9.80,0,0,0
MAFPF1,20140714,9.80,9.80,9.80,9.80,500,9.80,9.80,9.80,9.80,0,0,0
MAFPF1,20140716,9.80,9.80,9.80,9.80,36010,9.80,9.80,9.80,9.80,0,0,0
MAFPF1,20140717,9.80,9.80,9.80,9.80,300,9.80,9.80,9.80,9.80,0,0,0
MAFPF1,20140722,9.80,9.80,9.80,9.80,143090,9.80,9.80,9.80,9.80,0,0,0
MAFPF1,20140723,9.80,9.80,9.80,9.80,200,9.80,9.80,9.80,9.80,0,0,0
MAFPF1,20140725,9.80,9.80,9.80,9.80,3100,9.80,9.80,9.80,9.80,0,0,0
MAFPF1,20140728,9.80,9.80,9.80,9.80,8500,9.80,9.80,9.80,9.80,0,0,0
MAFPF1,20140801,9.90,9.90,9.80,9.80,1500,9.90,9.90,9.80,9.80,0,0,1000
MAFPF1,20140804,9.80,9.80,9.80,9.80,3250,9.80,9.80,9.80,9.80,0,0,0
MAFPF1,20140805,9.80,9.80,9.80,9.80,1050,9.80,9.80,9.80,9.80,0,0,0
MAFPF1,20140806,9.80,9.80,9.80,9.80,43550,9.80,9.80,9.80,9.80,0,0,32400
MAFPF1,20140807,9.80,9.80,9.80,9.80,19040,9.80,9.80,9.80,9.80,0,0,0
MAFPF1,20140808,9.80,9.80,9.80,9.80,66500,9.80,9.80,9.80,9.80,0,0,59500
MAFPF1,20140811,9.80,9.80,9.80,9.80,108200,9.80,9.80,9.80,9.80,0,0,98200
MAFPF1,20140812,9.80,9.80,9.80,9.80,1500,9.80,9.80,9.80,9.80,0,0,0
MAFPF1,20140813,9.80,9.80,9.80,9.80,10100,9.80,9.80,9.80,9.80,0,0,0
MAFPF1,20140814,9.80,9.80,9.80,9.80,410,9.80,9.80,9.80,9.80,0,0,0
MAFPF1,20140815,9.90,9.90,9.90,9.90,11180,9.90,9.90,9.90,9.90,0,4000,4000
MAFPF1,20140818,9.90,9.90,9.90,9.90,810,9.90,9.90,9.90,9.90,0,0,0
MAFPF1,20140819,10.00,10.00,9.90,9.90,25010,10.00,10.00,9.90,9.90,0,0,15000
MAFPF1,20140820,9.90,10.10,9.90,10.10,8190,9.90,10.10,9.90,10.10,0,0,0
